F 1811.2807969707003 1851.3417963390668 3.7304031199776575
E -0.5973482882648528 79.42879296106192 63.35096477006874 0.10005330955533269
W C 1291.0 1881.0 383.0 1458.0 482.0 682.0 1191.0 747.0 1693.0 1043.0 1805.0 190.0
F 1807.8145282766418 1844.9010736103276 3.7304059948216857
E -0.617502786855475 69.54625260893991 49.990165246147804 0.08138746374578634
W C 1291.0 1881.0 383.0 1458.0 482.0 682.0 1191.0 747.0 1693.0 1043.0 1805.0 190.0
F 1806.3974841036993 1842.3338963705737 3.7302509175180645
E -0.6259008598657826 62.73178951428498 42.573275496437304 0.0710413963940249
W C 1291.0 1881.0 383.0 1458.0 482.0 682.0 1191.0 747.0 1693.0 1043.0 1805.0 190.0
F 1805.516357911193 1840.379212221665 3.7298718299132463
E -0.6305752767291963 57.615633166142544 37.70093827954773 0.0640475885579896
W C 1291.0 1881.0 383.0 1458.0 482.0 682.0 1191.0 747.0 1693.0 1043.0 1805.0 190.0
F 1805.1004608651626 1839.0036697978403 3.729464304164131
E -0.6336766709633064 53.58173150165738 34.18837035465106 0.058858315387248
W C 1291.0 1881.0 383.0 1458.0 482.0 682.0 1191.0 747.0 1693.0 1043.0 1805.0 190.0
F 1804.6217536819022 1838.0741797251521 3.729266443348648
E -0.6359154620789762 50.292181103283646 31.50278845074841 0.05478940352718016
W C 1291.0 1881.0 383.0 1458.0 482.0 682.0 1191.0 747.0 1693.0 1043.0 1805.0 190.0
F 1804.3191326899491 1837.4785123443316 3.7291399499442837
E -0.6376131118004118 47.54242664778208 29.363409218037983 0.05148015359703356
W C 1291.0 1881.0 383.0 1458.0 482.0 682.0 1191.0 747.0 1693.0 1043.0 1805.0 190.0
F 1804.1028686666118 1837.0852894143627 3.7290676902844186
E -0.6389401981543876 45.19934688415283 27.607385008740707 0.048716126252021374
W C 1291.0 1881.0 383.0 1458.0 482.0 682.0 1191.0 747.0 1693.0 1043.0 1805.0 190.0
F 1803.9551909243346 1836.788710229819 3.7290058505441395
E -0.6400044101891025 43.171689457943444 26.132521410747078 0.046360303210824814
W C 1291.0 1881.0 383.0 1458.0 482.0 682.0 1191.0 747.0 1693.0 1043.0 1805.0 190.0
F 1803.8728048331031 1836.4462979617495 3.7288295157718188
E -0.640882219251692 41.39442959220413 24.87106927090705 0.044320046150385144
W C 1291.0 1881.0 383.0 1458.0 482.0 682.0 1191.0 747.0 1693.0 1043.0 1805.0 190.0
F 1803.769111341886 1836.2910520505218 3.7288173856396933
E -0.641627002366887 39.819873284406505 23.776124084861717 0.04252982677639265
W C 1291.0 1881.0 383.0 1458.0 482.0 682.0 1191.0 747.0 1693.0 1043.0 1805.0 190.0
F 1803.745821077553 1836.0974934396868 3.7287403207568985
E -0.6422570549160207 38.41230621375523 22.814016822264307 0.04094209839183607
W C 1291.0 1881.0 383.0 1458.0 482.0 682.0 1191.0 747.0 1693.0 1043.0 1805.0 190.0
F 1803.8226647630797 1835.9362845053674 3.728630307645769
E -0.6428134804154247 37.14419078673011 21.959938566410944 0.039521162059028274
W C 1291.0 1881.0 383.0 1458.0 482.0 682.0 1191.0 747.0 1693.0 1043.0 1805.0 190.0
F 1784.6382324902893 1823.06150944003 3.7292082688125254
E -0.6172856613235045 35.47968716651907 21.667051623880152 0.07060761965191216
W C 1291.0 1881.0 383.0 1458.0 482.0 682.0 1191.0 747.0 1693.0 1043.0 1805.0 190.0
F 1750.8979630048277 1800.1547671779838 3.7279532209112465
E -0.5406412110116433 33.933777403016954 22.059697066555252 0.08982424368933843
W C 1291.0 1881.0 383.0 1458.0 482.0 682.0 1191.0 747.0 1693.0 1043.0 1805.0 190.0
F 1717.8307803191447 1777.6143672003461 -2.5532103906030117
E -0.44849721559711675 32.53758056381692 22.898600602904786 0.09035153382832116
W C 1291.0 1881.0 383.0 1458.0 482.0 682.0 1191.0 747.0 1693.0 1043.0 1805.0 190.0
F 1684.7999210282944 1755.522845857782 -2.560151230775928
E -0.3753786228860093 31.715358820691264 22.891791026433236 0.09619564775365592
W C 1291.0 1881.0 383.0 1458.0 482.0 682.0 1191.0 747.0 1693.0 1043.0
F 1686.5091590769612 1757.0885682720505 -2.5592735645681906
E -0.4168484153784853 30.780644646991504 22.054398750822212 0.0754749961189535
W C 1291.0 1881.0 383.0 1458.0 482.0 682.0 1191.0 747.0 1693.0 1043.0
F 1650.4829934475945 1733.9373085341388 -2.561492206200415
E -0.32674851631385254 30.110659103809176 21.908188922801457 0.0947464755358334
W C 1291.0 1881.0 383.0 1458.0 482.0 682.0 1191.0 747.0 1693.0 1043.0
F 1615.993636905704 1711.4626413355666 -2.562316736154064
E -0.21931880776118662 29.39918133756488 22.209635368180866 0.09548990070659483
W C 1291.0 1881.0 383.0 1458.0 482.0 682.0 1191.0 747.0 1693.0 1043.0
F 1583.1395394386416 1689.890807121554 -2.5647519863327197
E -0.12762345347102072 28.780286421307554 22.288976453737057 0.095148606551612
W C 1291.0 1881.0 383.0 1458.0 482.0 682.0 1191.0 747.0 1693.0 1043.0
F 1551.3132429300226 1668.8904156152676 -2.56698911268193
E -0.04982554961660409 28.162036304929813 22.233475552737193 0.09497157693020881
W C 1291.0 1881.0 383.0 1458.0 482.0 682.0 1191.0 747.0 1693.0 1043.0
F 1553.6820702027344 1670.589967171142 -2.567118733606153
E -0.1500031761741001 26.706717574358564 21.443196978281485 0.0736425848023528
W C 1291.0 1881.0 383.0 1458.0 482.0 682.0 1191.0 747.0 1693.0 1043.0
F 1517.7727924527048 1647.496668885774 -2.5659981373365888
E -0.02542287647488327 26.351019056027084 21.466355340515392 0.0932592149354326
W C 1291.0 1881.0 383.0 1458.0 482.0 682.0 1191.0 747.0 1693.0 1043.0
F 1482.0212539667664 1623.0239112903532 -2.5509189897920077
E 0.15885783130478334 27.135200366528462 21.748087077422895 0.10228118919922642
W C 383.0 1458.0 482.0 682.0 1191.0 747.0 1693.0 1043.0
F 1481.0196001241106 1622.7771484022812 -2.5563014320848585
E 0.12974112801882032 26.410706644528126 21.349928895214447 0.08066988787631965
W C 383.0 1458.0 482.0 682.0 1191.0 747.0 1693.0 1043.0
F 1443.5298927060496 1597.3325336946464 -2.5563907807907134
E 0.2937004048997487 27.321430485453803 21.269370747356824 0.09470889330840844
W C 383.0 1458.0 482.0 682.0 1191.0 747.0 1805.0 190.0 1693.0 1043.0
F 1408.463080199777 1573.836146133554 -2.560934764843438
E 0.38697733110826393 26.554938707849967 20.979370179518476 0.08946406628794383
W C 1291.0 1881.0 383.0 1458.0 482.0 682.0 1191.0 747.0 1805.0 190.0 1693.0 1043.0
F 1374.5475197380206 1550.8947020057449 -2.562324217820234
E 0.46585002087025523 26.254353245477084 20.65518771904974 0.08916549144760195
W C 1291.0 1881.0 383.0 1458.0 482.0 682.0 1191.0 747.0 1805.0 190.0 1693.0 1043.0
F 1337.98589161121 1526.0694314213044 -2.554981289430737
E 0.5103636197324034 27.37834951959415 20.446597192600034 0.09491427154403703
W C 383.0 1458.0 482.0 682.0 1191.0 747.0 1805.0 190.0 1693.0 1043.0
F 1303.3881260671212 1502.404330701845 -2.54635185981132
E 0.5493583236159801 28.347296563582564 20.23258685388384 0.09579570412460273
W C 383.0 1458.0 482.0 682.0 1191.0 747.0 1805.0 190.0 1693.0 1043.0
F 1303.4880588649016 1502.5918856711014 -2.5501959694668552
E 0.5290743135718902 27.330262106856853 19.754204821898156 0.07448358185954083
W C 383.0 1458.0 482.0 682.0 1191.0 747.0 1805.0 190.0 1693.0 1043.0
F 1265.6878742111278 1477.7396818917414 -2.55852023030477
E 0.5673406267769304 28.316216740183336 19.43159312376327 0.0942963283255437
W C 383.0 1458.0 482.0 682.0 1191.0 747.0 1805.0 190.0 1693.0 1043.0
F 1230.1853496652523 1453.7919831165711 -2.551446039775724
E 0.5931450788395001 29.132756890352184 19.235772840560575 0.09599475943484116
W C 383.0 1458.0 482.0 682.0 1191.0 747.0 1805.0 190.0 1693.0 1043.0
F 1194.3001285478656 1429.8999669309453 -2.5508881104657637
E 0.5819138649664578 29.37624476354905 19.366653114111532 0.09638023210877297
W C 383.0 1458.0 482.0 682.0 1191.0 747.0 1805.0 190.0 1693.0 1043.0
F 1194.4465197348081 1430.352142950294 -2.5554339681243032
E 0.5675641314783598 28.220512312534037 18.94725790838291 0.07488768229732763
W C 383.0 1458.0 482.0 682.0 1191.0 747.0 1805.0 190.0 1693.0 1043.0
F 1157.6865002700463 1406.3162955368073 -2.565837317228891
E 0.5556310834086049 28.82859847928958 18.865639759432156 0.10039509496048181
W C 383.0 1458.0 482.0 682.0 1191.0 747.0 1805.0 190.0
F 1121.8066691560011 1382.8785968891857 -2.5655155188393546
E 0.5738886517968538 29.73123739274032 18.671704972873044 0.1028033292871199
W C 383.0 1458.0 482.0 682.0 1191.0 747.0 1805.0 190.0
F 1086.7844295888635 1360.1370695355602 -2.5653229319223714
E 0.5889298511522458 30.438525465507276 18.630242077182352 0.102863879664279
W C 383.0 1458.0 482.0 682.0 1191.0 747.0 1805.0 190.0
F 1051.2278767570745 1337.6014233668086 -2.5712949478402036
E 0.5733651211918999 30.573004244694168 18.94564997885436 0.10330977684655426
W C 383.0 1458.0 482.0 682.0 1191.0 747.0 1805.0 190.0
F 1052.3875202814586 1338.414241579115 -2.5730566655596556
E 0.5660355852371807 29.36692093883486 18.59472625498842 0.08078395382137724
W C 383.0 1458.0 482.0 682.0 1191.0 747.0 1805.0 190.0
F 1016.8423816307709 1315.8554208206504 -2.574960813245528
E 0.5461157629986961 29.61655967798654 18.526223106297223 0.10105898752724957
W C 383.0 1458.0 482.0 682.0 1191.0 747.0 1805.0 190.0
F 982.2911964844102 1293.829834265795 -2.5712884123566404
E 0.5621332493701005 30.178294364338402 18.353315699685925 0.10301432787043777
W C 383.0 1458.0 482.0 682.0 1191.0 747.0 1805.0 190.0
F 948.5238890803436 1272.5829420970408 -2.573010091627959
E 0.5766631871939455 30.567661101609627 18.344294704574967 0.1030707334162614
W C 383.0 1458.0 482.0 682.0 1191.0 747.0 1805.0 190.0
F 950.6487497680384 1274.3404508801382 -2.575692320667289
E 0.568236343129249 29.20353048278796 17.91371144590591 0.0804986331816358
W C 383.0 1458.0 482.0 682.0 1191.0 747.0 1805.0 190.0
F 914.6672430429855 1252.1111026609403 -2.579941831172461
E 0.5811317568813436 29.72016542753717 17.78928558757183 0.10076614719671931
W C 383.0 1458.0 482.0 682.0 1191.0 747.0 1805.0 190.0
F 879.8030144107454 1230.6475512047482 -2.5810423491939276
E 0.5902075583636484 30.060231281529912 17.832584383171667 0.10289857753084558
W C 383.0 1458.0 482.0 682.0 1191.0 747.0 1805.0 190.0
F 845.9575854237526 1209.78885867231 -2.5795272812037657
E 0.569296099666459 29.86974334604721 18.280630328869663 0.10353988764097939
W C 383.0 1458.0 482.0 682.0 1191.0 747.0 1805.0 190.0
F 811.8844298929935 1189.3792487732262 -2.584858552482839
E 0.541784393216263 29.735573349065703 18.658094127818117 0.11297461949177266
W C 383.0 1458.0 482.0 682.0 1191.0 747.0
F 811.6217375221876 1190.0037986498883 -2.590094334059813
E 0.534054969864191 28.285547000156626 18.309629870760276 0.08969736661230399
W C 383.0 1458.0 482.0 682.0 1191.0 747.0
F 775.7074838599217 1168.8494383916532 -2.5941662804832752
E 0.5407996733420989 28.768850451750765 18.2075533387497 0.11048060064295886
W C 383.0 1458.0 482.0 682.0 1191.0 747.0
F 739.3068568623661 1147.669950062052 -2.5994845496839205
E 0.5474195536343252 29.078002180655155 18.384953214169652 0.11337234008832708
W C 383.0 1458.0 482.0 682.0 1191.0 747.0
F 705.5543240128242 1128.1944262752693 -2.5999622485280294
E 0.5555629393443396 29.246098499955757 18.665386828907003 0.11388750048968134
W C 383.0 1458.0 482.0 682.0 1191.0 747.0
F 705.3239653329863 1129.1917385649242 -2.6078932585525894
E 0.5499538625104491 28.045722106945984 18.18874916969944 0.09529820943234085
W C 383.0 1458.0 482.0 682.0
F 666.0497186658754 1107.248522238413 -2.619003208617268
E 0.5455642772351288 28.793225726042255 18.380879859677012 0.1224897153445455
W C 383.0 1458.0 482.0 682.0
F 628.8231800681384 1086.8160534005071 -2.628273032431943
E 0.5422603973011116 29.266264817351544 18.798051858953773 0.12786880237043977
W C 383.0 1458.0 482.0 682.0
F 591.3621454954907 1066.19689451777 -2.63287249448899
E 0.549144341097052 29.484956492991596 19.311098604315116 0.1289685922469623
W C 383.0 1458.0 482.0 682.0
F 591.1827484586948 1066.414615668945 -2.6329648324847694
E 0.5737129408557905 27.981668140612314 18.672452289312815 0.10399417655123454
W C 383.0 1458.0 482.0 682.0
F 553.1936563425741 1045.5963440049702 -2.6346217336557305
E 0.5861265221210096 28.355728685328824 18.97462790950157 0.12484863384794354
W C 383.0 1458.0 482.0 682.0
F 514.4370455052041 1024.6402331358036 -2.6392550680499296
E 0.6183866448399205 28.521814528293145 19.49486858156553 0.1294420689109573
W C 383.0 1458.0 482.0 682.0
F 479.39877717523655 1004.789785666556 -2.6284594561711687
E 0.6719195417970263 28.604165144960117 20.13916659589493 0.1315473170990271
W C 383.0 1458.0 482.0 682.0
F 444.3217360293314 984.7920983207654 -2.59280832906269
E 0.7417557083221193 29.18355588957106 20.81769134275808 0.13864829383371324
W C 383.0 1458.0 482.0 682.0
F 444.7835966862201 986.4861515036516 -2.607251954753572
E 2.3632094756660553 20.025937454139168 27.43603442944914 0.11082175449713778
W C 383.0 1458.0 482.0 682.0
F 409.0049970983992 959.5232257236627 -2.510403708524746
E 2.43482603808406 20.556563735421722 30.134248055055984 0.1622830220276516
W C 482.0 682.0
F 376.07266179224155 928.0350917185549 -2.4021919463676573
E 2.548867079372891 21.01045579388898 32.3526507830711 0.1537186831109128
W C 482.0 682.0 1805.0 190.0
F 347.7890243190651 895.410668129945 -2.3081216114572025
E 2.6725317603125176 21.361604154747024 34.0999462747476 0.15515792333704473
W C 482.0 682.0 1805.0 190.0
F 322.70799130607213 860.2837735936549 -2.2141491426419257
E 2.79844064366114 21.68009217098835 35.434391963029896 0.15848073097637344
W C 482.0 682.0 1805.0 190.0
F 322.68476802437914 860.076708483604 -2.2164739797300954
E 2.8112389862690175 21.040934213778485 33.88224140052646 0.1328860151264051
W C 482.0 682.0 1805.0 190.0
F 300.6837826728816 822.5832486529046 -2.1220495041332748
E 2.9241660665041183 21.155575018558334 35.07390851209012 0.15622144973268853
W C 482.0 682.0 1805.0 190.0
F 282.7929086422106 782.1064684528743 -2.009891549951412
E 3.070360100997199 21.753572902497737 37.95690432726021 0.20137116515375478
W C 482.0 682.0
F 270.4193766574498 740.6800244611585 -1.8916309737516943
E -3.0380199949023403 22.645886802877396 41.68938060811572 0.22820455012731014
W C 482.0 682.0
F 261.44970820600884 697.0103138299138 -1.7922820781037148
E -2.8532139541313812 23.70253654204747 46.31187085402635 0.25023462835386334
W C 482.0 682.0
F 261.44970820600884 697.0103138299138 -1.7922820781037148
E -2.8532139541313812 23.70253654204747 46.31187085402635 0.25023462835386334
W C
F 251.46518283543563 659.6979479972359 -1.7178165177719127
E -2.785321300532888 25.70049204732311 45.92574542109347 0.2086741518581411
W C 1805.0 190.0
F 247.43959026488614 618.8549909370212 -1.6129238708297893
E -2.777811741582908 27.702839967078333 47.82575587253172 0.20004639295776913
W C 1805.0 190.0
F 246.07498132319117 577.8419268633459 -1.5352490293802037
E -2.7762291334807028 29.305206569024932 49.79523043172041 0.19518304081536283
W C 1805.0 190.0
F 249.8770020283556 576.8790253904804 -1.50655509556595
E -2.8118678338040204 28.201696666219984 48.96955941063612 0.13852340084086714
W C 1805.0 190.0 1191.0 747.0
F 258.76960686868324 536.90533752651 -1.3908456941636431
E -2.8036561218929203 28.402667627005282 50.54822876199678 0.14938922087837458
W C 1805.0 190.0 1191.0 747.0
F 274.35769082652945 497.213368829788 -1.2514682137271622
E -2.786059023441484 28.176972102046914 51.954529592796035 0.13385064290165827
W C 1805.0 190.0 1191.0 747.0 1693.0 1043.0
F 293.4970902701259 460.2425930945791 -1.1347326729747034
E -2.755825785635393 28.21245746349204 53.02124543493881 0.14804734623321916
W C 1805.0 190.0 1191.0 747.0
F 295.67061040043154 459.8268455192336 -1.1272187113475094
E -2.77355235512307 27.551038229476976 52.313049388605684 0.11966436195722513
W C 1805.0 190.0 1191.0 747.0
F 322.0782767097112 425.82121770969997 -0.9735205545093492
E -2.73291182372086 27.55424170982151 53.17454019246732 0.14612107695224144
W C 1805.0 190.0 1191.0 747.0
F 348.77400147449396 395.64480325050056 -0.8758801669448414
E -2.690105162864097 27.772535660762813 53.50228757369973 0.14765384111407237
W C 1805.0 190.0 1191.0 747.0
F 381.47312944680834 367.7264244544653 -0.7437645185638281
E -2.6399799248497637 28.18308146545075 53.87293683009159 0.15079950106302997
W C 1805.0 190.0 1191.0 747.0
F 415.409560358885 344.2708421565028 -0.6322094154265718
E -2.590123552621935 28.647970274256302 53.81371576853447 0.1496181001576637
W C 1805.0 190.0 1191.0 747.0
F 417.37030620721737 344.59277139339565 -0.6247701325162746
E -2.60751126433442 27.908877376577 52.88515954115994 0.12011146830398799
W C 1805.0 190.0 1191.0 747.0
F 457.3909523276326 327.0526331228015 -0.46749837030955965
E -2.5497143871664596 28.40488419030131 52.61532107937835 0.14509905294539052
W C 1805.0 190.0 1191.0 747.0
F 495.5715638755574 313.15748172091236 -0.3699234314706153
E -2.489418581060498 29.176293517924652 52.001738761170714 0.14855253598350615
W C 1805.0 190.0 1191.0 747.0
F 537.0226523175749 305.0676973996629 -0.2358364639842117
E -2.4294979799454812 29.921089939140185 51.1955003673501 0.14801114983367003
W C 1805.0 190.0 1191.0 747.0
F 541.3520370993696 306.86045798459514 -0.20339701867507248
E -2.4509066715493755 29.18257594330692 50.092818942087135 0.1188147503897679
W C 1805.0 190.0 1191.0 747.0
F 587.736038185676 304.3269351210749 -0.11612834120947971
E -2.3865359395117607 29.346934026377212 48.42756934470135 0.12049386595801256
W C 1805.0 190.0 1191.0 747.0 1291.0 1881.0
F 633.2759513831423 306.67967997360915 -0.043761428166574065
E -0.7428951439877942 46.180065228017504 29.672642476164366 0.1198541430646381
W C 1805.0 190.0 1191.0 747.0 383.0 1458.0
F 676.509891874404 311.0510853756211 0.0031987993052754737
E -0.6619443739697186 44.192561424826174 29.95296114854013 0.11908430495564212
W C 1805.0 190.0 1191.0 747.0 383.0 1458.0
F 719.7652350408734 315.7773525452842 0.03984720563883265
E -0.5927971906741046 42.83538691381744 29.831152488175995 0.11879042808761117
W C 1805.0 190.0 1191.0 747.0 383.0 1458.0
F 720.0786294792427 317.9946077955839 0.045698162627354974
E -0.5952600010246001 41.133236109375645 29.070756075215286 0.09578088894096146
W C 1805.0 190.0 1191.0 747.0 383.0 1458.0
F 765.3809737123736 321.8981062654224 0.05017043802161861
E -0.47855705001770454 39.79578464891567 29.056429131219787 0.11492729814003085
W C 1805.0 190.0 1191.0 747.0 383.0 1458.0
F 809.8068019220768 326.7668270107856 0.06355400426050359
E -0.39439023545877233 39.10766395436627 28.431583764702268 0.10842557505008148
W C 1805.0 190.0 1191.0 747.0 1291.0 1881.0 383.0 1458.0
F 852.3308551679362 331.44533777384964 0.07008444056652333
E -0.3181758906135912 38.52480530781026 28.00052267778445 0.11735276105309954
W C 1805.0 190.0 1191.0 747.0 383.0 1458.0
F 894.081299711553 335.3433659980453 0.06761256266725434
E -0.2202069516245493 37.5428225983689 27.358775143690636 0.10790771597325677
W C 1805.0 190.0 1693.0 1043.0 1191.0 747.0 383.0 1458.0
F 895.278874571116 335.1572202922074 0.0589299782412277
E -0.25588864461804345 36.04558476837625 26.762146255935754 0.08964312625350448
W C 1805.0 190.0 1693.0 1043.0 1191.0 747.0
F 940.2282282406146 337.7968891943976 0.05269193928745763
E -0.1694890605657973 35.680426719671885 26.194806795307667 0.11314318085558277
W C 1805.0 190.0 1693.0 1043.0 1191.0 747.0
F 983.4251196469618 340.59118766269717 0.05394465039334172
E -0.15242785397081984 35.45557540152103 25.781506541196556 0.11696441164077073
W C 1805.0 190.0 1693.0 1043.0 1191.0 747.0
F 1024.2396041028835 343.89967404583484 0.0667277822431132
E -0.13655450258498797 35.21025686807861 25.34284369873313 0.11830656563408486
W C 1805.0 190.0 1693.0 1043.0 1191.0 747.0
F 1025.587757444848 343.6815252527589 0.054742238114469266
E -0.17181222034497035 33.694107113921845 24.92846444866726 0.09572945931604115
W C 1805.0 190.0 1693.0 1043.0 1191.0 747.0
F 1068.7457766143204 346.31367476870264 0.05318265062822779
E -0.1475394893774736 33.650773288413504 24.305396028902898 0.1154336615656285
W C 1805.0 190.0 1693.0 1043.0 1191.0 747.0
F 1112.4916279669305 348.7466090068015 0.04952241018488839
E -0.13164460284718238 33.55998706048057 23.849773132108627 0.11853523434911525
W C 1805.0 190.0 1693.0 1043.0 1191.0 747.0
F 1154.5525656602126 351.21054130835375 0.05191857940764116
E -0.12207759383008382 33.407548297684016 23.523086762263983 0.1187844050454592
W C 1805.0 190.0 1693.0 1043.0 1191.0 747.0
F 1194.0556872904726 354.0289854490913 0.06650156306899592
E -0.11788286119107695 33.27034323340511 23.27365274022428 0.11900884598324538
W C 1805.0 190.0 1693.0 1043.0 1191.0 747.0
F 1194.7116084294485 353.76094733840256 0.05369338795534892
E -0.16128203127336488 31.7821315951002 22.78173519147727 0.09606322644907249
W C 1805.0 190.0 1693.0 1043.0 1191.0 747.0
F 1238.489274365599 356.1271292972265 0.053053363601149525
E -0.08599039498654838 31.786204507514658 22.310195377706236 0.11493595410237277
W C 1805.0 190.0 1693.0 1043.0 1191.0 747.0
F 1280.9201366029117 358.90746350852174 0.08144978920737463
E -0.020280063113093428 32.27000226863404 22.059457036584394 0.12200726904541134
W C 1805.0 190.0 1693.0 1043.0 1191.0 747.0
F 1320.3329079407652 364.13050206060865 0.15037066887761108
E 0.046767653327644036 33.47012446174663 21.92372944244156 0.12823632074886127
W C 1805.0 190.0 1693.0 1043.0 1191.0 747.0
F 1319.8248175232857 364.03777163522176 0.14327076369962768
E 2.2643228627992894e-05 31.711206097224977 21.281894267299904 0.09926406468543485
W C 1805.0 190.0 1693.0 1043.0 1191.0 747.0
F 1361.8320699403782 379.08101383820866 0.30129550941223615
E 0.08663475914712414 33.20418374121374 20.96683686315246 0.1158772006071272
W C 1805.0 190.0 1693.0 1043.0 1291.0 1881.0 1191.0 747.0
F 1399.1099053213886 398.9861647487037 0.442153131527971
E 0.15070492853622078 33.21955965772777 20.829521689117893 0.11323175294703051
W C 1805.0 190.0 1693.0 1043.0 1291.0 1881.0 1191.0 747.0
F 1430.5866424202334 418.63950882883194 0.5204531314932939
E 0.21459733819834553 32.627900584567165 20.845266188766466 0.11147340303655363
W C 1805.0 190.0 1693.0 1043.0 1291.0 1881.0 1191.0 747.0
F 1431.4512195688758 421.06773534164864 0.5371286912960153
E 0.16826655897971365 30.47291725807743 20.244354859008038 0.08986194176242807
W C 1805.0 190.0 1693.0 1043.0 1191.0 747.0
F 1461.8583482469876 449.25363842231866 0.6818969317140829
E 0.2689250963141198 30.362775433207297 20.404740535399146 0.10966704221597848
W C 1805.0 190.0 1693.0 1043.0 1291.0 1881.0 1191.0 747.0
F 1487.421986976687 479.14424997099394 0.7952435504163808
E 0.37033531749076143 29.867206364006343 20.735764200123263 0.11006458248326385
W C 1805.0 190.0 1693.0 1043.0 1291.0 1881.0 1191.0 747.0
F 1508.67858788923 506.67187179031583 0.8593430548868571
E 0.506120805528868 29.61586934533153 21.357881222162536 0.1229059559646662
W C 1805.0 190.0 1693.0 1043.0 1191.0 747.0
F 1523.7013639426275 538.0055290446109 1.0024126132213234
E 0.6488308404713434 29.65719906954446 21.46983266545129 0.1041932029343826
W C 1805.0 190.0 1693.0 1043.0 1291.0 1881.0 383.0 1458.0 1191.0 747.0
F 1520.8828779498351 542.7189059548672 1.0483725745752042
E 0.6344323059213709 27.298509785101526 20.61320887264002 0.07530190945925255
W C 1805.0 190.0 1693.0 1043.0 1291.0 1881.0 383.0 1458.0 1191.0 747.0 482.0 682.0
F 1530.665614865981 582.1975163375668 1.2448876529785233
E 2.439178518716697 20.775015645730896 29.480228529006176 0.10511365201783075
W C 1693.0 1043.0 1291.0 1881.0 383.0 1458.0 1191.0 747.0 482.0 682.0
F 1535.9076454119204 621.4919996477422 1.3939272748311622
E 2.6011302042715094 20.890766746116373 30.84210416758137 0.11424067852730342
W C 1693.0 1043.0 1291.0 1881.0 383.0 1458.0 1191.0 747.0
F 1533.5752563292572 661.414773587568 1.5708221795743293
E 2.746394170924048 20.99534507122391 31.918595957555237 0.12666989951166024
W C 1693.0 1043.0 383.0 1458.0 1191.0 747.0
F 1531.8383676540568 667.4225556146574 1.605492637408473
E 2.690690264681882 20.30737522675598 30.259727406520653 0.09334000148066963
W C 1693.0 1043.0 1291.0 1881.0 383.0 1458.0 1191.0 747.0
F 1521.329895561685 708.7107414735138 1.7875727912155346
E 2.86273623876368 20.746530825540198 30.614096349856947 0.1134295322251623
W C 1693.0 1043.0 1291.0 1881.0 383.0 1458.0 1191.0 747.0
F 1506.5692045667888 745.5418507338416 1.930241529347042
E 3.0016727719001612 21.17579640499732 30.12555203273883 0.11285617349112695
W C 1693.0 1043.0 1291.0 1881.0 383.0 1458.0 1191.0 747.0
F 1487.9562484560633 777.633203357336 2.06494238835018
E 3.124773442401668 21.546599759342524 29.045810508297762 0.11171641818610627
W C 1693.0 1043.0 1291.0 1881.0 383.0 1458.0 1191.0 747.0
F 1468.4901510324 805.3995471229467 2.133641133933452
E -3.085870215975569 21.63148706007847 27.220653189250932 0.10735323163385094
W C 1693.0 1043.0 1291.0 1881.0 383.0 1458.0 1191.0 747.0
F 1462.769515964634 807.3011602469518 2.200253293134604
E 3.0259703205709596 20.89159463816951 24.8516153879007 0.08278212371436167
W C 1693.0 1043.0 1291.0 1881.0 383.0 1458.0 1191.0 747.0
F 1429.404056998587 840.0817270676434 2.315184501522743
E -3.1284858426196087 21.112062540124803 23.663029060247847 0.10115414571401295
W C 1693.0 1043.0 1291.0 1881.0 383.0 1458.0 1191.0 747.0
F 1394.5350704113584 868.143655718834 2.3946405037425977
E -2.9254907921065207 21.332557898649235 22.56805084287795 0.09577303565071077
W C 1693.0 1043.0 1291.0 1881.0 383.0 1458.0 482.0 682.0 1191.0 747.0
F 1359.0791462227405 895.6229073832732 2.4535721119373863
E -2.6086461452008862 21.382528845350162 23.755812085908918 0.10461265210032027
W C 1291.0 1881.0 383.0 1458.0 482.0 682.0 1191.0 747.0
F 1353.8679782587258 900.4684094103208 2.453804864776452
E -2.844854916631813 20.81605140098301 22.375771404319124 0.08336878301671286
W C 1291.0 1881.0 383.0 1458.0 482.0 682.0 1191.0 747.0
F 1315.9932667161347 929.9711550450502 2.4705149473665142
E -2.443281054944137 20.782720910905635 22.843372017081222 0.10408944893455029
W C 1291.0 1881.0 383.0 1458.0 482.0 682.0 1191.0 747.0
F 1279.5850256554656 957.6951300550919 2.482765150097705
E -0.7051387116480295 24.726753567371507 20.810227549882704 0.11228412468579545
W C 1291.0 1881.0 383.0 1458.0 482.0 682.0
F 1243.558992699512 984.9804604267814 2.488046122821731
E -0.6700901751031567 26.443428218650077 20.87464539273774 0.11321585816049673
W C 1291.0 1881.0 383.0 1458.0 482.0 682.0
F 1242.1969823094594 986.0206001769706 2.4878596348349036
E -0.6774645580528554 25.841890736440114 20.469237960275755 0.0895523359449056
W C 1291.0 1881.0 383.0 1458.0 482.0 682.0
F 1206.0082382839107 1013.6077266742802 2.490509131056632
E -0.7287508858917062 27.978976516978115 20.476481301705373 0.11028173352315376
W C 1291.0 1881.0 383.0 1458.0 482.0 682.0
F 1169.9345247145486 1041.1317211773735 2.491014253286808
E -0.6997837117913798 29.171626133697313 20.437768561735066 0.11317849537561814
W C 1291.0 1881.0 383.0 1458.0 482.0 682.0
F 1133.928986904019 1069.008987365846 2.48631680581534
E -0.6824208095075709 30.170839563982973 20.514578684879986 0.11336839609167305
W C 1291.0 1881.0 383.0 1458.0 482.0 682.0
F 1099.328142913647 1095.3699337700882 2.4898692814892884
E -0.6707303129221476 30.992968258157653 20.618110585090427 0.11334937395412743
W C 1291.0 1881.0 383.0 1458.0 482.0 682.0
F 1065.3980159257699 1121.2444026207131 2.4901602451607014
E -0.6606459867953238 31.658524388883304 20.71986029829054 0.11336356874995189
W C 1291.0 1881.0 383.0 1458.0 482.0 682.0
F 1064.1817381042895 1122.3030631885304 2.4892744202917263
E -0.6623135188361482 30.533382251903785 20.227312159840373 0.08959071988812513
W C 1291.0 1881.0 383.0 1458.0 482.0 682.0
F 1028.8921311877884 1149.3213296530523 2.48920051421466
E -0.6953662617075285 31.810287553674797 20.28067589754057 0.11093450133839118
W C 1291.0 1881.0 383.0 1458.0 482.0 682.0
F 993.714512316137 1176.329358355667 2.4887425210919045
E -0.714139197482624 32.791420169261 20.362131192131216 0.11386576037897214
W C 1291.0 1881.0 383.0 1458.0 482.0 682.0
F 958.4128516289899 1202.3439156451252 2.5035028625303837
E -0.7160539390454429 34.47696058299161 20.634083878382928 0.12914999664970586
W C 383.0 1458.0 482.0 682.0
F 958.8871916196671 1202.6733060467554 2.497255609640269
E -0.7273310868549416 32.88238177519319 20.16723845140213 0.09741092642145385
W C 1291.0 1881.0 383.0 1458.0 482.0 682.0
F 922.6517733590041 1230.1760998307914 2.4979279988210727
E -0.6834934201087598 33.9757223482508 20.16119880513376 0.12560598153538227
W C 383.0 1458.0 482.0 682.0
F 891.3880676631468 1253.8419555196713 2.5366941423200076
E -0.6387269496562089 35.25804328475193 20.275989611352532 0.12547853149834712
W C 1291.0 1881.0 383.0 1458.0 482.0 682.0
F 861.0075593995163 1271.3165262985544 2.637392207748842
E -0.5692123671318577 38.50152494944108 20.434259783472328 0.13270948154043657
W C 1291.0 1881.0 383.0 1458.0 482.0 682.0
F 837.9158889798368 1282.343786764853 2.7089693712130902
E -0.5238662773826386 39.47066308804741 20.364994325413168 0.12887220467246704
W C 1291.0 1881.0 383.0 1458.0 482.0 682.0
F 837.7207562601805 1279.0689994746324 2.7546515191151206
E -0.5252470856094086 37.18568023146583 19.860628484445265 0.09722090299471459
W C 1291.0 1881.0 383.0 1458.0 482.0 682.0
F 806.4920869429521 1280.836671498712 2.96745193919212
E -0.4577993355806747 38.52605717487874 19.819910497011154 0.1274592218487037
W C 1291.0 1881.0 383.0 1458.0 482.0 682.0
F 774.81291353648 1277.7322204711033 -3.117897369562504
E -0.3752112463470182 40.14998657618597 20.337792483311446 0.14640945338255631
W C 383.0 1458.0 482.0 682.0
F 743.9907973190438 1266.2838203075755 -2.886566325469271
E -0.28213712153096143 40.84647061081714 21.312807043666847 0.14841623915773547
W C 383.0 1458.0 482.0 682.0
F 743.6587424713097 1264.3095414210284 -2.85347779000237
E -0.3014119107301808 39.107991863073266 20.829371743357072 0.11517975094597097
W C 383.0 1458.0 482.0 682.0
F 717.9218422767349 1245.0986602566093 -2.6260472680277163
E -0.1696276033771263 38.56846169251771 22.596126148605833 0.12991458935362798
W C 383.0 1458.0 482.0 682.0 1191.0 747.0
F 698.4198811844135 1224.244620695845 -2.4581023919880542
E -0.04747611473941673 37.19343038463034 24.363882808168988 0.1290761129215117
W C 383.0 1458.0 482.0 682.0 1191.0 747.0
F 683.3399819107198 1201.5904949299045 -2.3082119509345747
E 0.09840378464265206 35.680061668642416 25.97396959834667 0.12877300841187433
W C 383.0 1458.0 482.0 682.0 1191.0 747.0
F 674.0506751526483 1173.8014999264453 -2.0977978589475637
E 0.2902905339134245 34.271091259793195 27.13684104525232 0.12782342859992107
W C 383.0 1458.0 482.0 682.0 1191.0 747.0
F 677.2635241964387 1173.3581949359043 -2.0605733879873216
E 0.25659788950151663 31.391980514443247 26.01667546825217 0.09128167223812136
W C 383.0 1458.0 482.0 682.0 1191.0 747.0 1693.0 1043.0
F 673.4768429214076 1139.740694923125 -1.802878201163224
E 0.7706278089234952 33.132249157576496 27.19225011436242 0.12861403539525984
W C 482.0 682.0 1191.0 747.0 1693.0 1043.0
F 671.9674204585335 1108.6077678585189 -1.6636367953979612
E 2.66187567352588 27.19630824833273 35.026327895266554 0.1306076047833199
W C 482.0 682.0 1191.0 747.0 1693.0 1043.0
F 674.0824661181178 1066.854169889832 -1.5648261767358305
E 2.7675274040214766 26.23386485812414 35.01116155887546 0.11926625185131567
W C 482.0 682.0 1191.0 747.0 1693.0 1043.0
F 680.0382741131565 1065.1250513413386 -1.4934399991740879
E 2.7305717711214457 25.237536700362263 33.92842902415923 0.0949650139422163
W C 482.0 682.0 1191.0 747.0 1693.0 1043.0
F 688.8235468841461 1022.2651913299327 -1.4220473079059526
E 2.829822871315885 24.45913132886595 33.61930131742055 0.11233818224870053
W C 482.0 682.0 1191.0 747.0 1693.0 1043.0
F 702.3154841735115 978.1157261089244 -1.3435442600945124
E 2.893257283879146 23.65566002434443 33.140771212354714 0.10474234882164349
W C 482.0 682.0 1805.0 190.0 1191.0 747.0 1693.0 1043.0
F 715.3363723282094 937.6584227158927 -1.3098923103288085
E 2.944859048397338 23.03870976497511 32.35905210411223 0.10365901393383428
W C 482.0 682.0 1805.0 190.0 1191.0 747.0 1693.0 1043.0
F 727.5413969157821 900.142465754516 -1.2984653956643162
E 2.9833728681463265 22.533301153100552 31.29927721162685 0.10299164507117145
W C 482.0 682.0 1805.0 190.0 1191.0 747.0 1693.0 1043.0
F 728.9285550667585 896.9115373187428 -1.2989831377296324
E 2.9144777371187143 21.673147440654567 29.32087506691889 0.08082391973314401
W C 482.0 682.0 1805.0 190.0 1191.0 747.0 1693.0 1043.0
F 741.3855395211059 855.53868449784 -1.2992357390449665
E 2.9894429172550736 21.36873887190486 28.664597591964174 0.10102166278535336
W C 482.0 682.0 1805.0 190.0 1191.0 747.0 1693.0 1043.0
F 753.9728713022283 813.3969836461063 -1.3007687717901923
E 3.048601063341127 21.230402570210657 27.871099453587657 0.10323881644889564
W C 482.0 682.0 1805.0 190.0 1191.0 747.0 1693.0 1043.0
F 766.1233224690793 773.7359166326235 -1.3026090145706861
E 3.109276682774489 21.24005089661864 27.06066716281086 0.10367163337026229
W C 482.0 682.0 1805.0 190.0 1191.0 747.0 1693.0 1043.0
F 777.6986370247256 738.7887510814862 -1.3035740268278868
E -3.0942850811396485 21.3715134274916 26.46969938471902 0.10450796110072536
W C 482.0 682.0 1805.0 190.0 1191.0 747.0 1693.0 1043.0
F 778.6119781652513 736.573651313576 -1.3076287095485764
E -3.129151794006806 20.773160103170536 24.265776289602087 0.08132236937705836
W C 482.0 682.0 1805.0 190.0 1191.0 747.0 1693.0 1043.0
F 791.5468664089899 696.740877823988 -1.2781335812461936
E -2.936433477053022 20.884485131411978 24.8896988244886 0.10682362792027338
W C 482.0 682.0 1805.0 190.0 1191.0 747.0 1693.0 1043.0
F 806.4736219968426 657.2352685854407 -1.2345870341069864
E -2.7984050900927517 21.260846113017454 25.663398387652535 0.12071744879449633
W C 482.0 682.0 1805.0 190.0 1191.0 747.0
F 825.7610086530624 616.2253233709614 -1.1500359569998728
E -2.6948120234218496 21.891477877104126 28.212189076493637 0.1397270270260709
W C 1805.0 190.0 1191.0 747.0
F 827.4161213233976 615.3323691754622 -1.1462102422418468
E -2.713625362518548 21.38612433843769 27.720733440988372 0.11459923310433705
W C 1805.0 190.0 1191.0 747.0
F 851.1535727769113 576.0582556797303 -1.0556115064074982
E -2.596510930309303 21.774043391037278 29.902066020343764 0.14066304585498343
W C 1805.0 190.0 1191.0 747.0
F 876.820405019791 539.1756757392354 -0.9771479964205697
E -2.490625854283824 22.320167182565065 31.740081957309663 0.14634298122802833
W C 1805.0 190.0 1191.0 747.0
F 905.490273596415 505.08067285674156 -0.8907353450701251
E -2.397769502699773 22.88983195542199 33.246531206315446 0.14787807412317805
W C 1805.0 190.0 1191.0 747.0
F 906.8521499213696 504.76879076898734 -0.8876622906501556
E -2.429310875331561 22.356741321262966 32.25213932779838 0.12101897188768453
W C 1805.0 190.0 1191.0 747.0
F 941.061015175126 472.8781272947226 -0.7814092658370366
E -0.7747252990806535 33.606549010053826 22.44602204368755 0.12970561064519232
W C 1805.0 190.0 1693.0 1043.0 1191.0 747.0
F 976.5246190330837 445.1404988743407 -0.6709448682228173
E -0.6864612853056398 35.89772352931021 22.563617052371892 0.13754243206381583
W C 1805.0 190.0 1693.0 1043.0 1191.0 747.0
F 1011.7085545096663 422.0865699481551 -0.5738946276566702
E -0.6043716978586415 37.54443843184448 22.672357297587578 0.13807460734116425
W C 1805.0 190.0 1693.0 1043.0 1191.0 747.0
F 1048.5288273732513 405.214028822724 -0.4534621929574992
E -0.5396108574843891 37.98182886193449 22.694661121178108 0.13419326004279408
W C 1805.0 190.0 1693.0 1043.0 1191.0 747.0
F 1051.8084057844628 405.659546660208 -0.4351941878783772
E -0.5716723230603291 36.226215285181624 22.126614933723992 0.10674961753685558
W C 1805.0 190.0 1693.0 1043.0 1191.0 747.0
F 1092.6897576347792 394.7009988394157 -0.30314035376771997
E -0.49147769010581066 36.41911040904965 22.03621980172462 0.12831763109652922
W C 1805.0 190.0 1693.0 1043.0 1191.0 747.0
F 1132.794514698571 388.40513935774914 -0.18922792875770006
E -0.4110148960443629 36.32856800860027 22.08781729909175 0.12974865617679815
W C 1805.0 190.0 1693.0 1043.0 1191.0 747.0
F 1170.4691475586872 384.8224828716489 -0.10675298495488236
E -0.3246126042490863 36.239344864237 22.220566351172238 0.13039777593890242
W C 1805.0 190.0 1693.0 1043.0 1191.0 747.0
F 1212.3831543676458 386.77372078618737 -0.011185375099161607
E -0.26203177813126977 35.38423551959009 22.22421232646351 0.12314783539082165
W C 1805.0 190.0 1693.0 1043.0 1191.0 747.0
F 1215.6996619583042 391.12987849505834 0.037945407016871935
E -0.2997506483432731 33.54022489046937 21.4249591414572 0.0937221964765758
W C 1805.0 190.0 1693.0 1043.0 1291.0 1881.0 1191.0 747.0
F 1261.2223524891663 396.7155444984363 0.08999338139550801
E -0.2676123063176536 33.2196194164016 21.3084645604586 0.11592472748418126
W C 1805.0 190.0 1693.0 1043.0 1191.0 747.0
F 1305.3953670307696 405.19512521227665 0.14949502104268111
E -0.24099985122236506 32.898168322411706 21.176854085153597 0.11858338099055458
W C 1805.0 190.0 1693.0 1043.0 1191.0 747.0
F 1346.53073325678 415.76746737907723 0.20779300212583623
E -0.1999973627671394 33.24317163162374 21.16638227562245 0.11559479767467569
W C 1805.0 190.0 1693.0 1043.0 1291.0 1881.0
F 1347.404085863351 416.70530368221887 0.2177822791083109
E -0.21834545542920714 32.36081706207422 20.8273000703522 0.09768784586189642
W C 1805.0 190.0 1693.0 1043.0
F 1389.8674299942318 428.26485773117975 0.23570132259711124
E -0.13827768875164267 32.63926417655441 20.743753312858637 0.1121680619613712
W C 1805.0 190.0 1693.0 1043.0 1291.0 1881.0
F 1431.7965028138092 439.72398615830133 0.24166919691683472
E -0.12743723556915376 32.88103282880536 20.663499957239623 0.11388838184554421
W C 1805.0 190.0 1693.0 1043.0 1291.0 1881.0
F 1473.9071172002912 450.27540972196414 0.23664670145326805
E -0.12736626780286628 33.07121628551953 20.633938849770313 0.1273914197184372
W C 1805.0 190.0 1693.0 1043.0
F 1512.1468117288275 461.2802827836503 0.24130853533506066
E -0.13685950541403827 32.94531592919674 20.516146485801098 0.11650770845440449
W C 1805.0 190.0 1693.0 1043.0 1291.0 1881.0
F 1513.2876205587875 461.42932676948794 0.24028663593422117
E -0.1583846262778974 31.524490573477102 20.145628561948904 0.09782122716207554
W C 1805.0 190.0 1693.0 1043.0
F 1558.5613664623531 472.1387172383431 0.23725556457192926
E -0.16299413061639684 31.592634147868345 19.910653069704136 0.12444422606487963
W C 1805.0 190.0 1693.0 1043.0
F 1600.2547373563616 483.0810038747827 0.2627066472262449
E -0.12103942515239194 31.562988176599355 20.254102622347535 0.1332838367767696
W C 1805.0 190.0 1693.0 1043.0
F 1637.8624072555315 494.89008230703405 0.29275003675843736
E -0.07893846346601087 31.19325173406336 20.792774383116672 0.12073011522168993
W C 1805.0 190.0 1693.0 1043.0 1291.0 1881.0
F 1638.5112640285442 497.12801519680505 0.31039284785584825
E -0.10589287937809046 29.158359213717773 20.137021293150198 0.09333235829227735
W C 1805.0 190.0 1693.0 1043.0 1291.0 1881.0
F 1678.2446202820327 515.7361598335766 0.3989134096986816
E -0.023491326371038127 29.088298184455773 20.705031383644894 0.11691820611498221
W C 1805.0 190.0 1693.0 1043.0 1291.0 1881.0
F 1717.6635721467494 538.7838732287047 0.4927102324408478
E 0.07491579710749817 28.958102127624635 21.531639241297416 0.12065455838295214
W C 1805.0 190.0 1693.0 1043.0 1291.0 1881.0
F 1752.1670278671545 559.8740081542371 0.5334552578120485
E 0.17642321878375347 28.9469422542629 22.689035435458727 0.13706098509887016
W C 1805.0 190.0 1693.0 1043.0
F 1752.1830772889057 560.0509996888229 0.5335542297037971
E 0.22965189019180896 28.36206551812409 22.329052358930184 0.1210522675872175
W C 1693.0 1043.0
F 1788.045618347789 588.4794609624041 0.6673846093348994
E 0.48804488878895874 31.586096931038895 23.368869504715427 0.14903007263863483
W C 1693.0 1043.0 383.0 1458.0
F 1819.225107097335 620.4579040350685 0.7991291269407
E 0.6896348247857336 34.87279732507838 24.099813715430315 0.1560431706784134
W C 1693.0 1043.0 383.0 1458.0
F 1845.6820268926417 652.2093648710089 0.8901507359328246
E 2.4059221434811198 24.458754520905178 37.117511239809 0.15452613810377658
W C 1693.0 1043.0 383.0 1458.0
F 1868.08667450751 687.8487416687406 0.9923965997338702
E 2.522787836942867 24.60389895872985 38.39051729404625 0.1497206343817165
W C 1693.0 1043.0 383.0 1458.0
F 1867.5594244995875 688.2668624437084 0.9978340693795785
E 2.5256664011763963 24.098845935035712 38.08616759602073 0.1358775011395242
W C 1693.0 1043.0
F 1887.971628848508 730.1173602748083 1.070309204061489
E 2.63797723403805 24.08161088894506 38.53303575313865 0.14172465184703836
W C 1693.0 1043.0 383.0 1458.0
F 1905.3956606799807 772.1333113243589 1.1300069252669702
E 2.7437663278264477 24.095782568440804 38.843574526784124 0.1424524610896974
W C 1693.0 1043.0 383.0 1458.0
F 1919.057818416707 818.0730474179464 1.2358184519404418
E 2.828611009498504 23.851143536245882 38.78226076695932 0.12980402715956768
W C 1291.0 1881.0 1693.0 1043.0 383.0 1458.0
F 1932.3608718985354 864.2533799903943 1.2876648333414769
E 2.918655135841374 23.558471902184017 38.45140887496342 0.13020219660388546
W C 1291.0 1881.0 1693.0 1043.0 383.0 1458.0
F 1933.5998868568984 870.4077510640492 1.289581351493789
E 2.918403779994174 23.085148830360364 36.7075871810458 0.1136695898156111
W C 1291.0 1881.0 1693.0 1043.0
F 1941.772123076681 920.2779036623064 1.3868238749416597
E 3.0233075855211697 22.83893894938265 36.987073436484714 0.14695233034635383
W C 1291.0 1881.0 1693.0 1043.0
F 1945.4316193285142 969.8761056738444 1.4777376306049392
E 3.138816430945658 22.87714986834726 36.881200567542365 0.15439866063935756
W C 1291.0 1881.0 1693.0 1043.0
F 1945.071136588354 1014.7147233786159 1.5562015023546278
E -3.036368933104868 22.907455360115062 35.87048610104463 0.1373162933689724
W C 1291.0 1881.0 1693.0 1043.0 482.0 682.0
F 1943.3038065577884 1022.3403734524295 1.5698863024034115
E -3.060169935464159 22.363989091296165 33.050968239017635 0.10985307805020054
W C 1291.0 1881.0 383.0 1458.0 1693.0 1043.0
F 1938.3667930311935 1071.3691689463715 1.656431782076618
E -2.9371838511239026 22.429846295613423 33.70643109880015 0.14920078014377455
W C 383.0 1458.0 1693.0 1043.0
F 1928.3455943227998 1116.74325735992 1.7554304591427154
E -2.88954787670869 22.821158970458058 34.67885068227832 0.14164148660081624
W C 1291.0 1881.0 383.0 1458.0
F 1915.0331409741575 1161.8392834671918 1.8409648015724112
E -2.8607458813686906 23.29098618133512 36.11296752255735 0.14015402702464744
W C 1291.0 1881.0 383.0 1458.0
F 1899.587884327502 1204.183518473679 1.9144146273826892
E -2.8364325678063502 23.699992921783714 37.35347854370442 0.13833387168160388
W C 1291.0 1881.0 383.0 1458.0
F 1896.3341963638218 1206.3269684659556 1.9326123594068976
E -2.86100929411533 22.985624832361246 36.66401643148731 0.10254119696638633
W C 1291.0 1881.0 383.0 1458.0 482.0 682.0
F 1873.179123950839 1248.6295102047661 2.0371397698090083
E -2.8202819590699857 22.949370823471135 37.91044429548304 0.11937393533581762
W C 1291.0 1881.0 383.0 1458.0 482.0 682.0
F 1849.4899811390874 1288.280509632532 2.0997858043467135
E -2.7673951340009193 22.882781800195925 38.81062024901014 0.11206803202106207
W C 1291.0 1881.0 383.0 1458.0 482.0 682.0 1191.0 747.0
F 1823.283479872209 1325.3289831469556 2.1724267559985417
E -2.71618257318838 22.793477329974998 39.4499727760172 0.1110684569351101
W C 1291.0 1881.0 383.0 1458.0 482.0 682.0 1191.0 747.0
F 1820.4309817174064 1326.4586734122158 2.1891718222576473
E -2.7316635606198827 22.12527639612068 38.42580671981659 0.08671099841763234
W C 1291.0 1881.0 383.0 1458.0 482.0 682.0 1191.0 747.0
F 1789.2347923940208 1361.014565335892 2.282745518138693
E -2.6716493404009003 21.967020482869163 38.974116556078016 0.10873622249209179
W C 1291.0 1881.0 383.0 1458.0 482.0 682.0 1191.0 747.0
F 1755.0305798990205 1392.903273991527 2.374992149605421
E -2.6125050896684843 21.937978210423044 39.333734616544135 0.11029990316858827
W C 1291.0 1881.0 383.0 1458.0 482.0 682.0 1191.0 747.0
F 1720.8657646601898 1421.565381196991 2.4401412358015335
E -2.554398966153503 21.943876008986315 39.505755287529595 0.10993768056235191
W C 1291.0 1881.0 383.0 1458.0 482.0 682.0 1191.0 747.0
F 1686.219933686832 1447.1268624551997 2.5039487612755416
E -2.5003691637020484 21.901387832903673 39.5348397216484 0.10928861677538167
W C 1291.0 1881.0 383.0 1458.0 482.0 682.0 1191.0 747.0
F 1683.8381313650143 1447.1294094350615 2.5227492968530716
E -2.517137890165829 21.24607144113616 38.27000244375837 0.08522420039850148
W C 1291.0 1881.0 383.0 1458.0 482.0 682.0 1191.0 747.0
F 1644.4049840791392 1469.521869237666 2.6041624893368973
E -2.460134069080814 21.105711254386794 38.17003638301072 0.10492445730686506
W C 1291.0 1881.0 383.0 1458.0 482.0 682.0 1191.0 747.0
F 1602.6463766773027 1489.6379718367405 2.657979627142629
E -2.412050730102089 20.999613436312583 37.85664337309888 0.10448667341182996
W C 1291.0 1881.0 383.0 1458.0 482.0 682.0 1191.0 747.0
F 1563.4180701450978 1508.505266361864 2.678882391340702
E -2.3885772224962927 20.785922620843778 38.0793051901541 0.10474387115294617
W C 1291.0 1881.0 383.0 1458.0 482.0 682.0 1191.0 747.0
F 1562.17336934997 1508.9253670746646 2.6794584267256454
E -2.407217660994055 20.205642223832328 36.69056481021902 0.0824684325247155
W C 1291.0 1881.0 383.0 1458.0 482.0 682.0 1191.0 747.0
F 1521.835688261768 1528.6633000163138 2.676010621468549
E -2.3604403150620983 20.09493768938188 37.98743685480695 0.11323651717040008
W C 383.0 1458.0 482.0 682.0 1191.0 747.0
F 1482.6697118037641 1547.8596150495007 2.681545961939188
E -0.7569519720973042 37.239260149810335 19.898770382406575 0.10451087149132995
W C 1291.0 1881.0 383.0 1458.0 482.0 682.0 1191.0 747.0
F 1443.1091974546587 1567.4705934725487 2.680533756787727
E -0.7379653709373372 36.46490318504356 19.640372315445617 0.10290679994805085
W C 1291.0 1881.0 383.0 1458.0 482.0 682.0 1191.0 747.0
F 1403.3537711624706 1586.0504653049104 2.6960980325917676
E -0.7121617558206812 37.91715901063469 19.92144810977923 0.1165037722318883
W C 383.0 1458.0 482.0 682.0 1191.0 747.0
F 1402.9788437697734 1586.5515931483258 2.686644465306739
E -0.7139789494020972 37.41151929499458 19.590238286954435 0.09430164482357249
W C 383.0 1458.0 482.0 682.0 1191.0 747.0
F 1362.4182385848744 1605.0795982217458 2.7187928725816093
E -0.6407618758430998 38.47540980316838 20.0427791255736 0.12026901534989633
W C 383.0 1458.0 482.0 682.0 1191.0 747.0
F 1322.9819003744478 1620.98940969717 2.766593015836482
E -0.5744732701152788 39.44974686189161 20.627726604836052 0.12377254017281625
W C 383.0 1458.0 482.0 682.0 1191.0 747.0
F 1281.6547685486976 1634.002658876872 2.835877673487488
E -0.5095237271193697 40.39505872723882 21.23059703212668 0.12495394055160607
W C 383.0 1458.0 482.0 682.0 1191.0 747.0
F 1281.5477867781124 1633.402089344244 2.843082536386679
E -0.5177053713174204 39.736316043383944 20.666159889028968 0.09914976457133433
W C 383.0 1458.0 482.0 682.0 1191.0 747.0
F 1236.8390924472299 1640.987020687392 2.9490330543046612
E -0.449689269280316 40.54448373346988 21.063026076081506 0.12180901871362057
W C 383.0 1458.0 482.0 682.0 1191.0 747.0
F 1193.3380653548872 1646.0728432299486 3.010530045154858
E -0.38768385710707465 40.90897534581895 21.521863905796206 0.12153347084831354
W C 383.0 1458.0 482.0 682.0 1191.0 747.0
F 1149.7865939405867 1648.1683031374225 3.055560259356426
E -0.3297599305409519 41.126200907762936 21.923573657865493 0.11937531097107837
W C 383.0 1458.0 482.0 682.0 1191.0 747.0
F 1106.7894208704818 1650.3636964254388 3.075569572252891
E -0.27479338529289987 41.29064723573767 22.22938665484052 0.1185940400511759
W C 383.0 1458.0 482.0 682.0 1191.0 747.0
F 1107.233317053633 1650.3044290043395 3.075901308884136
E -0.28255300036208664 40.42622497987048 21.633043807114895 0.09560722733350771
W C 383.0 1458.0 482.0 682.0 1191.0 747.0
F 1062.9458390036568 1653.6141240520271 3.0704360969004614
E -0.255956464135049 40.91079104536498 21.786901851000753 0.11578930049751891
W C 383.0 1458.0 482.0 682.0 1191.0 747.0
F 1019.7620814876611 1656.291680311351 3.079044690040022
E -0.2023115130514823 41.18765876544231 21.782579041253616 0.11855521743485946
W C 383.0 1458.0 482.0 682.0 1191.0 747.0
F 977.1353778580064 1658.817015740499 3.086183677427997
E -0.15227301444918467 41.482026406513235 21.855355837641735 0.11882783839118133
W C 383.0 1458.0 482.0 682.0 1191.0 747.0
F 976.8538007874974 1659.9627322814267 3.073592098410939
E -0.15941247961835614 40.560650227880835 21.27608104204409 0.09592802768165694
W C 383.0 1458.0 482.0 682.0 1191.0 747.0
F 932.5482791477656 1663.3187274066966 3.0741181063222696
E -0.11076913315161016 41.02983152658577 21.181554259330728 0.11609544285440561
W C 383.0 1458.0 482.0 682.0 1191.0 747.0
F 888.8451089600709 1667.4379102593605 3.0610130207600643
E -0.09939836392221726 41.6596205927782 21.680368370199837 0.1303411312494301
W C 383.0 1458.0 482.0 682.0
F 845.0200728666074 1671.2700684121455 3.0620482525059978
E -0.05989390009650228 42.23282979046885 21.668356593038975 0.13324871126981674
W C 383.0 1458.0 482.0 682.0
F 845.1637938447271 1671.9311473823868 3.0565430230182487
E -0.0691742104160326 41.41399512107882 21.153470313954944 0.10971455253093017
W C 383.0 1458.0 482.0 682.0
F 800.3696354541673 1676.6251636600616 3.04721433373821
E -0.056819253999421046 42.14020717427262 21.468294402872985 0.13087452136161185
W C 383.0 1458.0 482.0 682.0
F 756.8954733230263 1680.668531303895 3.053953678516752
E -0.013401666494218156 42.79665791203285 21.289804157142687 0.13483066632771895
W C 383.0 1458.0 482.0 682.0
F 713.30707790951 1684.6191943726365 3.0596204832173624
E 0.03334718247407474 43.448720112499494 21.24944403018996 0.13605083199185508
W C 383.0 1458.0 482.0 682.0
F 672.5909914041872 1687.2623827216973 3.0754667070262607
E 0.08199189855800373 43.99064932507546 21.17802333507114 0.13606815949618054
W C 383.0 1458.0 482.0 682.0
F 666.8835901651723 1688.8535658668202 3.069350219606195
E 0.08676421916755907 43.131397879697396 20.550656832283224 0.11467765583870726
W C 383.0 1458.0 482.0 682.0
F 665.9891031139285 1690.5213743082627 3.054987419681383
E 0.0818753408955719 42.25951450731837 20.092381523600075 0.10204902012830437
W C 383.0 1458.0 482.0 682.0
F 665.2507199938459 1691.5278706819656 3.0476990633713785
E 0.0771065104205342 41.44269168832206 19.746066877401912 0.09383066622817246
W C 383.0 1458.0 482.0 682.0
F 664.6124790313314 1692.2601330405455 3.0432636259312145
E 0.0724693589934588 40.67514827503729 19.456087621895595 0.08793412066891255
W C 383.0 1458.0 482.0 682.0
F 663.9429776429425 1692.791110313129 3.040503320780384
E 0.06797057603069595 39.95201114857821 19.199705431066523 0.083428628273945
W C 383.0 1458.0 482.0 682.0
F 663.3237609550688 1693.267250094934 3.038688539995127
E 0.06361906368786144 39.26895226130705 18.965710619776527 0.07983146051393658
W C 383.0 1458.0 482.0 682.0
F 662.738224176322 1693.681412243528 3.037492361124145
E 0.05941144398350117 38.62229546487665 18.748023714574014 0.07686412360844007
W C 383.0 1458.0 482.0 682.0
F 662.2011350905525 1694.0507879466809 3.0366910692779214
E 0.055343833928553264 38.00880545724795 18.54295436144496 0.07435409000758689
W C 383.0 1458.0 482.0 682.0
