F 1824.8398829616374 1880.660828949549 3.717551306747922
E 0.0 100.0 100.0 0.17453292519943295
F 1824.8398829616374 1880.660828949549 3.717551306747922
E 0.0 100.0 100.0 0.17453292519943295
F 1824.8398829616374 1880.660828949549 3.717551306747922
E 0.0 100.0 100.0 0.17453292519943295
F 1824.8398829616374 1880.660828949549 3.717551306747922
E 0.0 100.0 100.0 0.17453292519943295
F 1824.8398829616374 1880.660828949549 3.717551306747922
E 0.0 100.0 100.0 0.17453292519943295
F 1824.8398829616374 1880.660828949549 3.717551306747922
E 0.0 100.0 100.0 0.17453292519943295
F 1824.8398829616374 1880.660828949549 3.717551306747922
E 0.0 100.0 100.0 0.17453292519943295
F 1824.8398829616374 1880.660828949549 3.717551306747922
E 0.0 100.0 100.0 0.17453292519943295
F 1824.8398829616374 1880.660828949549 3.717551306747922
E 0.0 100.0 100.0 0.17453292519943295
F 1824.8398829616374 1880.660828949549 3.717551306747922
E 0.0 100.0 100.0 0.17453292519943295
F 1824.8398829616374 1880.660828949549 3.717551306747922
E 0.0 100.0 100.0 0.17453292519943295
F 1824.8398829616374 1880.660828949549 3.717551306747922
E 0.0 100.0 100.0 0.17453292519943295
F 1824.8398829616374 1880.660828949549 3.717551306747922
E 0.0 100.0 100.0 0.17453292519943295
F 1804.0584649585178 1867.1652183009116 3.717551306747922
E 0.30164340869302186 100.16813824149267 100.0905778995634 0.19163278566147654
F 1766.8860693754727 1843.0251823519407 3.717551306747922
E -0.5229992593471106 100.8978517376796 100.55461610873023 0.23823689079745697
F 1729.2104378659665 1818.69908390404 -2.56788561333489
E -2.4253421301260856 101.20878786678391 102.58463561718497 0.27797571836179163
F 1691.397535999389 1794.263967914371 -2.56788561333489
E -2.4795115881186836 101.67542903617009 105.76534064554862 0.3129538981593867
F 1691.397535999389 1794.263967914371 -2.56788561333489
E -2.4795115881186836 101.67542903617009 105.76534064554862 0.3129538981593867
F 1653.877757403095 1770.0182714284979 -2.56788561333489
E -2.5009166031182115 102.13167595749985 110.4863399788303 0.3439339577116869
F 1616.2755772524279 1745.578788552342 -2.5656340004316642
E -2.5199470772708135 102.73721221068853 116.96367131948585 0.3725644254744931
F 1578.5999457429193 1721.2526901044434 -2.56788561333489
E -2.531847845729752 103.33855465409646 125.34843951849972 0.3991465081784554
F 1540.997765592252 1696.8132072282876 -2.5656340004316642
E -2.5397017414671006 103.93579466595581 135.59105671262165 0.42406558319789217
F 1540.997765592252 1696.8132072282876 -2.5656340004316642
E -2.5397017414671006 103.93579466595581 135.59105671262165 0.42406558319789217
F 1503.3221340827436 1672.487108780389 -2.56788561333489
E -2.545145827512011 104.52913103524475 147.5842072224217 0.4475994891807665
F 1465.7199539320764 1648.0476259042332 -2.5656340004316642
E -2.5490760523096 105.11874277662783 161.19309164064288 0.46995636667333035
F 1465.7199539320764 1648.0476259042332 -2.5656340004316642
E -2.5490760523096 105.11874277662783 161.19309164064288 0.46995636667333035
F 1428.0443224225678 1623.7215274563346 -2.56788561333489
E -2.552009090840227 105.70477685051809 176.2775511519367 0.491296926958344
F 1390.4421422719006 1599.2820445801788 -2.5656340004316642
E -2.554258434797028 106.28735416738982 192.70518000184563 0.5117483310188975
F 1352.766510762392 1574.9559461322801 -2.56788561333489
E -2.5560230001131954 106.86657652711716 210.3574380769373 0.5314132461301108
F 1315.1643306117248 1550.5164632561243 -2.5656340004316642
E -2.5574339494871077 107.44253187678731 229.13135626502864 0.5503759824197059
F 1277.4886991022163 1526.1903648082257 -2.56788561333489
E -2.5585806649749743 108.01529797787502 248.93889904487094 0.568706783752727
F 1277.4886991022163 1526.1903648082257 -2.56788561333489
E -2.5585806649749743 108.01529797787502 248.93889904487094 0.568706783752727
F 1239.886518951549 1501.75088193207 -2.5656340004316642
E -2.55952580607007 108.5849449286276 269.7053079772151 0.5864649092215882
F 1202.2108874420405 1477.4247834841713 -2.56788561333489
E -2.5603143890176674 109.15153691329692 291.36716134758746 0.6037008974734097
F 1164.397985575463 1452.9896674945023 -2.56788561333489
E -2.560801564860957 109.58796514478581 313.9531049335648 0.6205839314585917
F 1164.397985575463 1452.9896674945023 -2.56788561333489
E -2.560801564860957 109.58796514478581 313.9531049335648 0.6205839314585917
F 1126.8782069791691 1428.7439710086292 -2.56788561333489
E -2.5611647226415832 110.01641432870142 337.11425585482414 0.6367690640088216
F 1089.276026828502 1404.3044881324734 -2.5656340004316642
E -2.5615574856860053 110.57487205757256 361.092364919585 0.6526779640378442
F 1051.6003953189934 1379.9783896845747 -2.56788561333489
E -2.5619149852625545 111.13058312008415 385.8015811961692 0.6682082075240471
F 1013.7874934524158 1355.5432736949058 -2.56788561333489
E -2.5621662148973905 111.5588177993488 411.3055499759289 0.6834997081030113
F 1013.7874934524158 1355.5432736949058 -2.56788561333489
E -2.5621662148973905 111.5588177993488 411.3055499759289 0.6834997081030113
F 976.2677148561219 1331.2975772090326 -2.56788561333489
E -2.5623645723679016 111.97938816439901 437.24878692064806 0.6982279540887563
F 938.6655347054547 1306.8580943328768 -2.5656340004316642
E -2.562570905142646 112.52773125271123 463.91753296415555 0.7127664131627451
F 900.9899031959461 1282.5319958849782 -2.56788561333489
E -2.5627696742978316 113.0735002186006 491.2188571063452 0.7270141976569644
F 900.9899031959461 1282.5319958849782 -2.56788561333489
E -2.5627696742978316 113.0735002186006 491.2188571063452 0.7270141976569644
F 863.3877230452789 1258.0925130088224 -2.5656340004316642
E -2.5629596476016983 113.61672054887852 519.1324334076214 0.7409880751110064
F 825.7120915357704 1233.7664145609237 -2.56788561333489
E -2.563140225180392 114.15741858298001 547.639980059569 0.754703260439909
F 787.8991896691929 1209.3312985712548 -2.56788561333489
E -2.5632973482345585 114.57430842628919 576.8355335995551 0.7682751158882023
F 749.7931645323318 1184.70676307779 -2.56788561333489
E -2.563428103939447 114.99508625197656 606.8067671206041 0.7818171127127441
F 749.7931645323318 1184.70676307779 -2.56788561333489
E -2.563428103939447 114.99508625197656 606.8067671206041 0.7818171127127441
F 712.1909843816646 1160.267280201634 -2.5656340004316642
E -2.5635419983157117 115.52903348600594 636.9672588512824 0.7948280830421168
F 674.5153528721561 1135.9411817537355 -2.56788561333489
E -2.5636544366799208 116.06059424225653 667.6685379295672 0.8076294728737435
F 636.9131727214889 1111.5016988775797 -2.5656340004316642
E -2.5637645015873205 116.58979406953198 698.8983702321161 0.820231095067869
F 636.9131727214889 1111.5016988775797 -2.5656340004316642
E -2.5637645015873205 116.58979406953198 698.8983702321161 0.820231095067869
F 599.2375412119803 1087.175600429681 -2.56788561333489
E -2.5638715681094926 117.11665853558401 730.6454482379369 0.8326420198249367
F 561.6353610613131 1062.7361175535252 -2.5656340004316642
E -2.5639752272911376 117.64121321364684 762.8992789471632 0.8448706510703664
F 523.9597295518046 1038.4100191056266 -2.56788561333489
E -2.5640752294773357 118.16348365378865 795.6500889617552 0.8569247930256071
F 523.9597295518046 1038.4100191056266 -2.56788561333489
E -2.5640752294773357 118.16348365378865 795.6500889617552 0.8569247930256071
F 486.35754940113736 1013.9705362294709 -2.5656340004316642
E -2.564171442175915 118.68349534719222 828.8887437024492 0.8688117084638617
F 448.6819178916288 989.6444377815722 -2.56788561333489
E -2.564263818617801 119.20127368833931 862.6066783216792 0.8805381698857857
F 411.46870313990974 964.613114461091 -2.5521243230123094
E -2.5640916063041694 119.72188450025433 896.7953581046216 0.8922170523548053
F 377.4640783224074 935.7930389670692 -2.4553049681736
E -2.561831670653238 120.40799767898325 931.1060235585218 0.907505616482422
F 377.4640783224074 935.7930389670692 -2.4553049681736
E -2.561831670653238 120.40799767898325 931.1060235585218 0.907505616482422
F 345.93424572672626 903.5549752333761 -2.360737226238116
E -2.5561493459912117 121.1109245342017 965.9544812975818 0.9226173910345157
F 317.7970507152037 868.5354631953082 -2.2639178713994066
E -2.547383463315736 121.93058117292219 1000.5282299707162 0.9375798638317429
F 293.1852364358455 831.1669984243345 -2.169350129463923
E -2.5358196843216754 123.02923767729258 1034.5717163542427 0.952046842269125
F 272.2119790511192 791.6414872178347 -2.074782387528439
E -2.5217104884576362 124.65921994865786 1067.9943784739935 0.9662972517225095
F 272.2119790511192 791.6414872178347 -2.074782387528439
E -2.5217104884576362 124.65921994865786 1067.9943784739935 0.9662972517225095
F 255.24893246078489 750.4205421676012 -1.9779630326897293
E -2.5053177442995027 127.10032341428386 1100.4312731474624 0.980431310251217
F 242.10510292666962 707.0995561505963 -1.8811436778510195
E -2.4864863886081445 130.7230556500321 1132.2816257800237 0.9946854600907904
F 233.48160792263286 663.7217588332948 -1.7843243230123098
E -2.466161357179519 135.65511897033107 1162.1263809371765 1.00826526705239
F 228.74311392065664 619.0564266429501 -1.6920081939800518
E -2.4437975984932443 142.30433692425223 1191.0260421969538 1.0216489580478372
F 228.74311392065664 619.0564266429501 -1.6920081939800518
E -2.4437975984932443 142.30433692425223 1191.0260421969538 1.0216489580478372
F 232.6019560243883 573.4236685553836 -1.514130774625213
E -2.4186852222459545 151.39090561483872 1217.6509406092086 1.0438576358464227
F 245.01149708393584 530.3788092314494 -1.3227436778510195
E -2.3912139364798457 163.00006753917236 1239.1225901115195 1.0669802876091068
F 264.50421813421417 490.85946636048976 -1.1448662584961808
E -2.3619164814897413 177.28417598001744 1255.20544933684 1.0875335524185976
F 264.50421813421417 490.85946636048976 -1.1448662584961808
E -2.3619164814897413 177.28417598001744 1255.20544933684 1.0875335524185976
F 288.1594667989113 457.105933138596 -0.9940081939800516
E -0.7623503823056142 1265.7763668490452 193.146664311856 1.103475265062374
F 317.427953419771 426.60901678365474 -0.8386469036574709
E -0.7320475942441163 1272.1784162375843 211.64717688913012 1.120067083235445
F 350.2612024071092 401.1427556584197 -0.6922920649477935
E -0.7018974630846015 1274.056329241644 231.69798958476517 1.1352207711895377
F 350.2612024071092 401.1427556584197 -0.6922920649477935
E -0.7018974630846015 1274.056329241644 231.69798958476517 1.1352207711895377
F 386.3762121889261 380.934259442942 -0.5436856133348904
E -0.671966539817907 1271.5821910843579 253.09320899119254 1.1503365197833393
F 424.18613751156187 365.99191543972427 -0.40858883914134214
E -0.6430364939385177 1265.065574350813 275.12256447497555 1.1637209253094232
F 465.6278374894231 356.7997056932382 -0.2509759359155357
E -0.6139050391087126 1253.9422867531566 298.6902957354831 1.1797624884698288
F 507.2575822690003 353.8918968614312 -0.1023694843026326
E -0.5869556177498225 1238.6522109761943 321.95352489749456 1.194437865382988
F 507.2575822690003 353.8918968614312 -0.1023694843026326
E -0.5869556177498225 1238.6522109761943 321.95352489749456 1.194437865382988
F 548.5104880804234 357.18962531379873 0.046236967310270494
E -0.5625323772886061 1219.5656462983184 344.62695820127874 1.2088133535280559
F 589.1264807530556 366.8257727662751 0.1993466447296255
E -0.5410552267770973 1196.635757347209 366.5256395133701 1.2235740639075872
F 627.8716619086449 382.32744815429794 0.3479530963425286
E -0.5236465963124532 1170.4952729971271 386.85948875372566 1.2377300896913972
F 627.8716619086449 382.32744815429794 0.3479530963425286
E -0.5236465963124532 1170.4952729971271 386.85948875372566 1.2377300896913972
F 669.0768942218543 399.14989312793375 0.3817272898909154
E -0.5082813057835733 1141.1001632665545 407.7746060222953 1.2462177544542383
F 710.6513808362652 415.965788527387 0.38397890279414115
E -0.49394661208639656 1112.1327869323277 429.7194570016541 1.254421131589738
F 752.2763353427935 432.6563678362853 0.3817272898909154
E -0.4803772993946557 1084.306805149636 453.0065089699805 1.2625712095722734
F 793.4090794189851 449.1677485708731 0.3817272898909154
E -0.46799733903872803 1057.9943292009038 477.34130373726305 1.2704801261087304
F 793.4090794189851 449.1677485708731 0.3817272898909154
E -0.46799733903872803 1057.9943292009038 477.34130373726305 1.2704801261087304
F 834.983566033396 465.98364397032634 0.38397890279414115
E -0.45700372095288166 1032.534592504531 503.3012696484016 1.2785278388440238
F 876.7262012759686 482.8490773773138 0.38397890279414115
E -0.44815809821046293 1008.2145317792684 530.6333874279519 1.2865858218842503
F 918.7924228382511 499.84525057815387 0.38397890279414115
E -0.4422472418935107 985.0213410324757 559.4793071322614 1.2947178924812281
F 960.4173773447794 516.5358298870522 0.3817272898909154
E -0.4405555316172882 963.4717468259232 589.2767065735748 1.3026158700756518
F 960.4173773447794 516.5358298870522 0.3817272898909154
E -0.4405555316172882 963.4717468259232 589.2767065735748 1.3026158700756518
F 1001.9918639591903 533.3517252865054 0.38397890279414115
E -0.4450888527780816 943.3836193848128 620.1759137992067 1.3104662486439176
F 1043.0873265623432 549.9556791057876 0.38397890279414115
E -0.45907743133347656 925.1346343085675 651.5142594688439 1.3180878121093922
F 1084.829961804916 566.821112512775 0.38397890279414115
E -0.4887988219167294 908.5926345341181 683.8162008592154 1.3259053973816255
F 1084.829961804916 566.821112512775 0.38397890279414115
E -0.4887988219167294 908.5926345341181 683.8162008592154 1.3259053973816255
F 1126.2490107277788 583.5558061259098 0.38397890279414115
E -0.5448806827526493 894.9008079444701 715.5460759292114 1.3335574782137418
F 1167.9916459703516 600.4212395328973 0.38397890279414115
E -0.6489944361494498 885.5246319101728 745.4589507259061 1.341284902649022
F 1209.4106948932144 617.1559331460321 0.38397890279414115
E -2.3961059309030306 769.424287070019 884.2063652509054 1.3488497377277666
F 1251.1533301357872 634.0213665530196 0.38397890279414115
E -2.62575962814885 782.6688765821528 895.998688169258 1.356490050587422
F 1251.1533301357872 634.0213665530196 0.38397890279414115
E -2.62575962814885 782.6688765821528 895.998688169258 1.356490050587422
F 1292.005434408946 651.6688847424151 0.4042434189231736
E -2.81124517000508 783.9316344379615 921.116873925583 1.3640299944859111
F 1331.3635885978538 674.0385915610026 0.5010627737618831
E -2.9169600861343454 776.1306038869332 954.9769270052243 1.3743112588683628
F 1365.6833927082318 703.006920012011 0.6721853544070444
E -2.9578485680496764 761.3023993679774 991.0388389901644 1.389949335821855
F 1365.6833927082318 703.006920012011 0.6721853544070444
E -2.9578485680496764 761.3023993679774 991.0388389901644 1.389949335821855
F 1393.9140012128632 738.2344002155088 0.8635724511812377
E -2.959101454533322 740.633591018235 1025.787443862906 1.407510320307498
F 1414.4884062770009 774.7760677295272 1.0234369673102695
E -2.940221777296501 717.7445641641299 1055.0822794149308 1.420840884945854
F 1429.6364899776725 813.6480841798792 1.1675401931167215
E -2.9112291812833857 692.7307912490943 1080.9958043942522 1.4326902352771822
F 1429.6364899776725 813.6480841798792 1.1675401931167215
E -2.9112291812833857 692.7307912490943 1080.9958043942522 1.4326902352771822
F 1438.7659608519682 853.8290708895388 1.3138950318263989
E -2.8766350675714776 666.5526492264274 1103.1454022863677 1.4444667199660548
F 1442.323410005582 894.5084573744239 1.4512434189231733
E -2.8385899189927373 639.6741034690523 1121.5361824099173 1.4553625088888305
F 1439.7507718995732 936.1602584854271 1.599849870536076
E -2.797217382852592 611.8096130033188 1136.4685770782696 1.4672839934175443
F 1430.2166778950836 972.2411635478882 1.7754756769876892
E -2.758338418637655 586.9554922211817 1145.505726775763 1.4801944676498737
F 1430.2166778950836 972.2411635478882 1.7754756769876892
E -2.758338418637655 586.9554922211817 1145.505726775763 1.4801944676498737
F 1414.2188452706268 1005.6134288285424 1.9601079350522053
E -2.718232426114204 562.8019584626576 1149.4327864211518 1.4937542655465819
F 1392.5517873127571 1035.5949329050036 2.14023696731027
E -2.6775544727606335 539.8728002170066 1148.2690773664037 1.5067662945683875
F 1365.8639077789476 1061.2095590632248 2.3203659995683346
E -2.637312217705827 518.9167235377402 1142.2613090846874 1.5196669131938387
F 1365.8639077789476 1061.2095590632248 2.3203659995683346
E -2.637312217705827 518.9167235377402 1142.2613090846874 1.5196669131938387
F 1333.63983402327 1081.8330168003886 2.5162563221489798
E -2.597171098984313 500.0728478520123 1131.130697223427 1.5342713768411946
F 1298.7164298605617 1095.6354472509347 2.7076434189231735
E -2.5602671399122983 484.93452568324585 1115.6976302825283 1.5481257026052893
F 1262.3851446275369 1102.6835996300404 2.8922756769876896
E -2.5273339238997 473.5198933884233 1096.8676756782124 1.5610955559620416
F 1222.9875723492362 1106.4891064202657 3.0138627737618826
E -2.4960254469694227 464.6881595077276 1074.4776291015994 1.569850039964913
F 1222.9875723492362 1106.4891064202657 3.0138627737618826
E -2.4960254469694227 464.6881595077276 1074.4776291015994 1.569850039964913
F 1178.175451121021 1112.363688200154 3.0116111608586564
E -2.463492193415076 457.9430491836095 1049.7232224974282 1.5764717857961967
F 1134.038183187261 1118.0146006799264 3.0138627737618826
E -2.433946928442785 455.0139389018599 1027.9159548296411 1.5828641760695685
F 1089.7300981153592 1123.705047170415 3.0138627737618826
E -2.407388927181066 456.57925998748004 1008.4402553159892 1.5892795300948361
F 1089.7300981153592 1123.705047170415 3.0138627737618826
E -2.407388927181066 456.57925998748004 1008.4402553159892 1.5892795300948361
F 1044.5718703145285 1129.6244752314694 3.0116111608586564
E -2.384029766203752 463.5649045320991 990.9235245628776 1.5959218376745448
F 1000.0884958081534 1135.3202339924078 3.0138627737618826
E -2.3653749798956283 476.1639909621452 975.8358969775179 1.6023358561264274
F 955.6224811525524 1141.1499694911304 3.0116111608586564
E -0.7809636000531915 962.7641988744001 494.53655608150484 1.608724301951806
F 955.6224811525524 1141.1499694911304 3.0116111608586564
E -0.7809636000531915 962.7641988744001 494.53655608150484 1.608724301951806
F 911.6733770063723 1146.8949302175604 3.0116111608586564
E -0.7733561939285022 951.7741469927204 518.1463897452259 1.6149388754026537
F 867.1900024999973 1152.5906889784987 3.0138627737618826
E -0.7729424645056668 942.4959597056497 547.0685005690154 1.6212776613364852
F 822.7239878443962 1158.4204244772213 3.0116111608586564
E -0.7818930718915029 935.1891187792158 580.3532076848338 1.6275917605501133
F 778.2406133380211 1164.1161832381597 3.0138627737618826
E -2.374200160943932 617.0788292617583 930.0880639248732 1.6338814592474364
F 733.7745986824201 1169.9459187368823 3.0116111608586564
E -2.413292642470312 656.0536644225109 927.7086537317975 1.6401470381445828
F 733.7745986824201 1169.9459187368823 3.0116111608586564
E -2.413292642470312 656.0536644225109 927.7086537317975 1.6401470381445828
F 689.1333826599223 1175.7813512857756 3.0116111608586564
E -2.4776837324265126 695.8103391146537 929.0961429085402 1.646436135751657
F 644.8382225755834 1181.5715479234373 3.0116111608586564
E -2.5753913000877873 733.4854320236058 935.9889107195173 1.6526047240652912
F 600.1970065530855 1187.4069804723306 3.0116111608586564
E -2.710864260145252 766.3967310665755 951.2766334792655 1.658846592177022
F 600.1970065530855 1187.4069804723306 3.0116111608586564
E -2.710864260145252 766.3967310665755 951.2766334792655 1.658846592177022
F 555.4963015492285 1192.7732376524161 3.0206176124715594
E -2.865517462642353 790.9190098854244 977.6741269612949 1.6650840911978126
F 510.7252190708559 1189.228779846913 -3.091445114062866
E -2.9955574402752965 802.6212685954639 1015.9535828350657 1.6780145263552748
F 472.3954857507889 1173.1363500189568 -2.8077418882564147
E -3.0600650773211697 799.7872154955223 1058.1474545077663 1.7016511436219253
F 445.67735415287325 1152.4117865889846 -2.5735741463209307
E -3.0736809456369145 789.1447483289859 1092.7776914357137 1.717459160146123
F 445.67735415287325 1152.4117865889846 -2.5735741463209307
E -3.0736809456369145 789.1447483289859 1092.7776914357137 1.717459160146123
F 424.105781983013 1125.462063427021 -2.3349031785789953
E -3.0625970788418853 772.8567555443924 1125.1205279576016 1.7337404065349071
F 409.80763726133426 1095.4263943593146 -2.107490275353189
E -3.0362018099755654 753.4532285514645 1151.510571282112 1.7484616342742358
F 402.731932752118 1062.361299604502 -1.873322533417705
E -2.9992136324629213 731.2067228251917 1172.2586056577882 1.7638501746772464
F 402.731932752118 1062.361299604502 -1.873322533417705
E -2.9992136324629213 731.2067228251917 1172.2586056577882 1.7638501746772464
F 403.81343211472415 1027.8333649553826 -1.630148339869318
E -2.9547277705890838 706.956041545937 1186.2105662683089 1.7801832687714025
F 412.4928134283888 995.5310022255001 -1.4004838237402857
E -2.908005889087794 683.0791078178725 1192.3995976929482 1.7947799971338154
F 428.15194449683923 966.1818970771665 -1.1730709205144791
E -2.8602088965240515 660.0140908589105 1191.512337539545 1.809004568095052
F 449.34149485101847 941.4945510127351 -0.954664468901576
E -2.813810354437243 639.0094404740227 1184.1997681584207 1.822131534343619
F 449.34149485101847 941.4945510127351 -0.954664468901576
E -2.813810354437243 639.0094404740227 1184.1997681584207 1.822131534343619
F 475.9379878539086 921.8203119878024 -0.7295031785789954
E -2.768489600692405 620.0473663691121 1170.8068535821135 1.835895879905052
F 506.5397415511201 908.3792363610053 -0.5043418882564148
E -2.7259866506407864 603.9579098797175 1151.9858811467514 1.8496205844281066
F 545.9250546018962 889.9646879263956 -0.44805156567576976
E -2.674282686618321 586.1799209791766 1124.7923816500795 1.8554849775913642
F 545.9250546018962 889.9646879263956 -0.44805156567576976
E -2.674282686618321 586.1799209791766 1124.7923816500795 1.8554849775913642
F 586.081197276553 870.793995763531 -0.44579995277254403
E -2.62456119621586 571.1392910251355 1099.56008761994 1.8609191843119277
F 626.3872253980514 851.5323322562174 -0.44579995277254403
E -2.577944843521478 560.2604639482107 1077.622477677147 1.8663790170901082
F 667.008144364249 832.1201870027528 -0.44579995277254403
E -2.5346935293759083 555.067455588719 1058.5635240602508 1.8719081916078684
F 706.9992816410482 813.0090052415899 -0.44579995277254403
E -2.4959083097281214 556.8887338329894 1042.3945384800973 1.8772517064594993
F 706.9992816410482 813.0090052415899 -0.44579995277254403
E -2.4959083097281214 556.8887338329894 1042.3945384800973 1.8772517064594993
F 747.6202006072458 793.5968599881253 -0.44579995277254403
E -2.460294852110235 566.7003398924555 1028.2313514202972 1.8827489508108892
F 788.2411195734434 774.1847147346607 -0.44579995277254403
E -2.428282174949554 584.9633942667036 1016.0019064720339 1.8882301909867625
F 828.5471476949418 754.9230512273471 -0.44579995277254403
E -2.3997918454579334 611.361137858549 1005.4818375183187 1.8936112798164184
F 869.1680666611394 735.5109059738825 -0.44579995277254403
E -2.374061795317697 645.8145973881801 996.2541086665894 1.8990611684256975
F 869.1680666611394 735.5109059738825 -0.44579995277254403
E -2.374061795317697 645.8145973881801 996.2541086665894 1.8990611684256975
F 911.9826474639158 720.3038999892683 -0.3557354366435117
E -0.7834536105485707 987.1444303225035 686.9955173327205 1.9062428665551256
F 955.5895381254613 709.510056682417 -0.2589160818048022
E -0.7784009315787931 977.5271988217733 731.8496767907311 1.9135294659648479
F 1000.0356241638876 702.9821625069843 -0.16209672696609267
E -2.3732498868634444 778.7184200134744 968.111050606649 1.9207884235227806
F 1000.0356241638876 702.9821625069843 -0.16209672696609267
E -2.3732498868634444 778.7184200134744 968.111050606649 1.9207884235227806
F 1044.7218714443516 700.6837140193413 -0.06752898503060889
E -2.4609133966227135 824.0978650286833 961.3311549838191 1.9278914276356414
F 1089.7742854754158 702.608054629234 0.027038756904874894
E -2.6805136367841937 860.6154074805767 964.3022693427337 1.935050842495666
F 1133.9090140968287 708.856013493892 0.12385811174358441
E -2.971354291739779 875.0404751177945 988.7986706981674 1.9421475068793386
F 1133.9090140968287 708.856013493892 0.12385811174358441
E -2.971354291739779 875.0404751177945 988.7986706981674 1.9421475068793386
F 1177.2811251146684 719.9469223696599 0.23193553109842302
E -3.1348584290342427 870.0310252973952 1031.884106933756 1.9497212448374384
F 1217.8325463119647 739.7843833188098 0.42332262787261676
E 3.098697669837479 854.5745881012608 1081.385825854592 1.9622790520695443
F 1253.5674765834683 766.8005152036051 0.6147097246468105
E 3.1058083442217597 832.8729515852917 1129.559317202942 1.9746764920924336
F 1282.607976264899 796.7865715758926 0.7678194020661655
E 3.1352781676386723 809.4398253895611 1171.4683892081907 1.9837467113071827
F 1282.607976264899 796.7865715758926 0.7678194020661655
E 3.1352781676386723 809.4398253895611 1171.4683892081907 1.9837467113071827
F 1306.9790934674163 829.7600342296939 0.9029161762597138
E -3.1090307883159713 784.9470179021174 1209.4824390383344 1.9916105807023257
F 1326.2953319781793 865.3428590446866 1.0402645633564882
E -3.0652556393513537 760.0997225450188 1243.6038755415527 1.999455042545068
F 1340.577097438731 904.5541096998858 1.1888710149693917
E -3.0162608543578378 734.29472914953 1274.5602382807292 2.008149086153477
F 1353.75359624124 945.4401042885074 1.2474129504532625
E -2.96488949638209 708.665386882871 1304.06162599783 2.013487476942447
F 1353.75359624124 945.4401042885074 1.2474129504532625
E -2.96488949638209 708.665386882871 1304.06162599783 2.013487476942447
F 1367.9493024512985 987.7965619921175 1.2474129504532625
E -2.914336239652521 684.6800963928198 1336.2919408199198 2.0185346776060427
F 1382.145008661357 1030.1530196957276 1.2474129504532625
E -2.867253287529466 664.0243831711203 1371.6676368423978 2.023569289545628
F 1396.2298109166493 1072.1785675735282 1.2474129504532625
E -2.8232636379355 646.8368595757945 1409.8072752152593 2.0285133376906006
F 1396.2298109166493 1072.1785675735282 1.2474129504532625
E -2.8232636379355 646.8368595757945 1409.8072752152593 2.0285133376906006
F 1410.4795457852097 1115.068915861185 1.2496645633564878
E -2.7807017024371916 632.5930659310388 1451.7088033208756 2.0336421771349724
F 1424.4696871513165 1157.1260707049964 1.2496645633564878
E -2.7409242592631053 621.6510558612633 1495.6930764317538 2.038561796026486
F 1438.6801457042914 1199.8455429479231 1.2496645633564878
E -2.70239573757198 613.3634382659867 1543.304093008648 2.0436251707671675
F 1452.8906042572662 1242.5650151908499 1.2496645633564878
E -2.665658516564874 607.6168990989939 1593.7955965730193 2.048676031237622
F 1452.8906042572662 1242.5650151908499 1.2496645633564878
E -2.665658516564874 607.6168990989939 1593.7955965730193 2.048676031237622
F 1466.9909042168072 1284.953328734219 1.2496645633564878
E -2.630921149197073 604.1002565192732 1646.6524348860976 2.053636751195694
F 1477.2823450182582 1329.0129368106611 1.3284710149693915
E -2.5959956692859176 602.3940705468558 1700.8453927677058 2.0598800955230505
F 1483.154669959237 1373.371243374919 1.4230387569048748
E -2.5600744435158362 602.4392276389005 1752.5562912248224 2.0665050681631327
F 1483.154669959237 1373.371243374919 1.4230387569048748
E -2.5600744435158362 602.4392276389005 1752.5562912248224 2.0665050681631327
F 1484.677281095553 1417.9200134565697 1.5198581117435843
E -2.522822424142815 604.3298746784069 1801.4627934335635 2.073151796704322
F 1481.8880778491543 1463.1050599825796 1.6166774665822938
E -2.4836931666919346 608.2599002439449 1848.1927066037838 2.0799307638893816
F 1474.9425560169534 1506.9555693650245 1.7112452085177772
E -2.444257532684837 614.1485211169345 1890.9783999658869 2.0864161708747666
F 1474.9425560169534 1506.9555693650245 1.7112452085177772
E -2.444257532684837 614.1485211169345 1890.9783999658869 2.0864161708747666
F 1460.0957945805328 1549.6955658287443 1.8778645633564865
E -2.4025448663194 622.4036254551021 1928.7371056167317 2.096542665988756
F 1437.4436691193405 1588.5366027429639 2.067000047227454
E -2.359045366669376 633.1385632832615 1956.7504137497845 2.1080295611960675
F 1410.1645128427563 1621.3103778709572 2.231367789162938
E -0.7455651499453918 1973.8053252063344 645.7073262575428 2.1173642893052147
F 1380.1181610382196 1650.6479704528992 2.3439484343242283
E -0.7027431172651374 1983.6202060843284 660.2153638624699 2.123916082512503
F 1380.1181610382196 1650.6479704528992 2.3439484343242283
E -0.7027431172651374 1983.6202060843284 660.2153638624699 2.123916082512503
F 1348.675732880977 1682.8700770348196 2.3439484343242283
E -0.6563815313311745 1993.2762858450624 677.767676645173 2.128776448556696
F 1317.7207842300484 1714.5926160728343 2.3439484343242283
E -0.6105724414178336 2006.5231723853526 696.5863007232821 2.133476707050283
F 1283.8594466061097 1744.0575954180986 2.413748434324228
E -0.5639645422884962 2020.9249522621487 716.9406274537979 2.1391677970387257
F 1247.5744589000938 1769.9358869847244 2.506064563356486
E -0.5172587896745063 2032.5183148887447 738.3655406707542 2.1454343693607942
F 1247.5744589000938 1769.9358869847244 2.506064563356486
E -0.5172587896745063 2032.5183148887447 738.3655406707542 2.1454343693607942
F 1208.4369460279536 1792.3482621519395 2.605135531098422
E -0.469486762741113 2040.2959127320703 761.1100848406421 2.152028412595018
F 1167.1721736755635 1810.9677854275985 2.7019548859371314
E -0.4210042309534245 2043.948930937249 784.8048054570013 2.1585596815958885
F 1124.825731779834 1825.4219343210043 2.7965226278726156
E -0.37255111755321685 2043.6117714758823 808.8579464228276 2.164882696088452
F 1124.825731779834 1825.4219343210043 2.7965226278726156
E -0.37255111755321685 2043.6117714758823 808.8579464228276 2.164882696088452
F 1081.1062026664379 1835.7500871376383 2.893341982711325
E -0.3233565787751073 2039.2983366230837 833.4311604381253 2.1713015080008167
F 1037.1253188642218 1841.8155060512354 2.9879097246468085
E -0.2741614275242335 2031.1065325293482 857.9441314129109 2.1775147976904488
F 991.5455557351812 1843.7120310261482 3.084729079485518
E -0.22295717933642803 2018.7205097475237 883.1765043791445 2.184043783514975
F 947.5627894314615 1841.2972804049164 -3.103888485758585
E -0.17283185241810228 2002.9598763425781 907.4052504055336 2.1901491854916606
F 947.5627894314615 1841.2972804049164 -3.103888485758585
E -0.17283185241810228 2002.9598763425781 907.4052504055336 2.1901491854916606
F 902.9617317466058 1834.6513229718976 -3.009320743823101
E -0.12071564288930473 1983.069395068192 931.9067750470718 2.1964539287228355
F 858.8949068875496 1823.5294937063952 -2.910249776081166
E -0.0672810186539061 1959.203125329077 956.1142200995278 2.2029682744076737
F 816.4063065377949 1808.4251255591296 -2.815682034145682
E -0.013198819384739208 1931.8295241057035 979.49531202758 2.2092364346848257
F 816.4063065377949 1808.4251255591296 -2.815682034145682
E -0.013198819384739208 1931.8295241057035 979.49531202758 2.2092364346848257
F 776.0677658969431 1789.4590136901522 -2.7188626793069726
E 0.04148424175909501 1901.3036654381708 1001.82424641831 2.2154549870790343
F 737.4407077162451 1766.523923919109 -2.622043324468263
E 0.09804449171446272 1867.0871862428983 1023.3801791903753 2.2217276949700153
F 700.9977025797756 1739.9658653787606 -2.5274755825327793
E 0.1566839936737318 1829.5672164869923 1043.921481766188 2.227943077569302
F 667.7759350886807 1710.5138431835173 -2.4329078405972955
E 0.21670939007306247 1789.7799228535923 1062.9123701961698 2.2339988389440197
F 667.7759350886807 1710.5138431835173 -2.4329078405972955
E 0.21670939007306247 1789.7799228535923 1062.9123701961698 2.2339988389440197
F 636.0741735615145 1678.993991679511 -2.369862679306973
E 0.28086780306221537 1748.2672967688309 1080.7719351011865 2.239242386546219
F 603.8502149502222 1647.8037886222212 -2.3721142922101985
E 0.3523239408813648 1709.4162650211492 1097.5130608296065 2.243818207780461
F 571.5128145699009 1616.47994821842 -2.3721142922101985
E 0.43375394773308806 1676.5946070365949 1112.6933318408628 2.248419398586821
F 571.5128145699009 1616.47994821842 -2.3721142922101985
E 0.43375394773308806 1676.5946070365949 1112.6933318408628 2.248419398586821
F 539.4260917119077 1585.3989282828657 -2.3721142922101985
E 0.5245658376602478 1651.1153627858685 1125.2226972884168 2.252940349151657
F 507.2962372853865 1554.111794667467 -2.369862679306973
E 0.6249073162335151 1633.6537996382199 1134.2734173348788 2.257488405440326
F 475.07227867409415 1522.921591610177 -2.3721142922101985
E 0.7317489282614408 1625.3745096068724 1138.9252560155142 2.262027317376919
F 442.4842007714448 1491.3549307381295 -2.3721142922101985
E 2.412618927882328 1138.664110771359 1626.9847908081322 2.2666625087553025
F 442.4842007714448 1491.3549307381295 -2.3721142922101985
E 2.412618927882328 1138.664110771359 1626.9847908081322 2.2666625087553025
F 413.596204579709 1456.9698217446478 -2.284301388984392
E 2.5191777247498974 1133.5501080927306 1634.3983355331345 2.2725080755081244
F 388.6590720531064 1420.659297462547 -2.189733647048908
E 2.620076678407977 1124.1965271595998 1642.7397043094911 2.2783764306297183
F 366.70317815643847 1381.0688086109851 -2.0929142922101986
E 2.7193754737306346 1110.5778255913833 1651.6515218414586 2.284546512996425
F 366.70317815643847 1381.0688086109851 -2.0929142922101986
E 2.7193754737306346 1110.5778255913833 1651.6515218414586 2.284546512996425
F 348.6498828156073 1339.7468819358405 -1.9983465502747149
E 2.813540780422638 1093.524762783529 1660.5384682382014 2.290591446839947
F 332.94565148007104 1297.896214127743 -1.9398046147908439
E 2.9018622644534267 1073.791798112681 1670.526790172423 2.2956125693553138
F 316.65988795821073 1256.1112146441099 -1.9420562276940696
E 2.9841448056186994 1051.9989092361036 1685.3304735111997 2.3000762492674065
F 300.62631966447475 1214.6027104518282 -1.9398046147908439
E 3.058621875506357 1029.3681097926747 1706.3993340786803 2.304462293229587
F 300.62631966447475 1214.6027104518282 -1.9398046147908439
E 3.058621875506357 1029.3681097926747 1706.3993340786803 2.304462293229587
F 284.5135467657203 1172.9377835526584 -1.9398046147908439
E 3.126619547102792 1006.4452300236242 1733.1243030673002 2.308873510136715
F 268.22778324386 1131.1527840690253 -1.9420562276940696
E -3.094514112958719 983.9109007296772 1765.1495369566483 2.313311602372873
F 252.0679675602194 1089.3189146280097 -1.9398046147908439
E -3.037853052796154 962.3531913260869 1801.7816675258214 2.3177411964097425
F 252.0679675602194 1089.3189146280097 -1.9398046147908439
E -3.037853052796154 962.3531913260869 1801.7816675258214 2.3177411964097425
F 235.52970925854973 1046.8831846469086 -1.9420562276940696
E -2.9850605562282237 941.8272526522103 1843.2872434284757 2.322300872135843
F 219.44977763084336 1005.5798660411562 -1.9420562276940696
E -2.9376797523212974 923.4174031458043 1887.597228318655 2.3266102020577835
F 203.2899619472027 963.7459966001406 -1.9398046147908439
E -2.8931385758023493 906.4699086765039 1935.9482841737395 2.3310145250901537
F 203.2899619472027 963.7459966001406 -1.9398046147908439
E -2.8931385758023493 906.4699086765039 1935.9482841737395 2.3310145250901537
F 187.05130801017677 921.755562459571 -1.9398046147908439
E -2.8514247579845553 891.2058055506128 1987.8188658542733 2.3354439317944835
F 170.76554448831646 879.9705629759378 -1.9420562276940696
E -2.8126052246292534 877.7660571396476 2042.7761392113796 2.3398316269376287
F 154.6057288046758 838.1366935349223 -1.9398046147908439
E -2.7761882010123298 866.019028727496 2100.756195038648 2.3442111095802582
F 138.9512022323389 797.9785202949594 -1.9420562276940696
E -2.7432424839760094 856.2439287645957 2159.176761409792 2.3482492148457825
F 136.67859943821227 791.9348282146885 -1.9398046147908439
E -2.738468180451941 854.8978285802899 2168.145329268193 2.348340571881216
F 136.67859943821227 791.9348282146885 -1.9398046147908439
E -2.738468180451941 854.8978285802899 2168.145329268193 2.348340571881216
F 136.67859943821227 791.9348282146885 -1.9398046147908439
E -2.738468180451941 854.8978285802899 2168.145329268193 2.348340571881216
F 136.67859943821227 791.9348282146885 -1.9398046147908439
E -2.738468180451941 854.8978285802899 2168.145329268193 2.348340571881216
F 136.67859943821227 791.9348282146885 -1.9398046147908439
E -2.738468180451941 854.8978285802899 2168.145329268193 2.348340571881216
F 136.67859943821227 791.9348282146885 -1.9398046147908439
E -2.738468180451941 854.8978285802899 2168.145329268193 2.348340571881216
F 136.67859943821227 791.9348282146885 -1.9398046147908439
E -2.738468180451941 854.8978285802899 2168.145329268193 2.348340571881216
F 136.67859943821227 791.9348282146885 -1.9398046147908439
E -2.738468180451941 854.8978285802899 2168.145329268193 2.348340571881216
